"Date","600795.SS.Open","600795.SS.High","600795.SS.Low","600795.SS.Close","600795.SS.Volume","600795.SS.Adjusted"
2009-01-01,2.36,2.36,2.36,2.36,0,2.36
2009-01-02,2.36,2.36,2.36,2.36,0,2.36
2009-01-05,2.38512110726644,2.4442214532872,2.35557093425606,2.44,32685200,2.44
2009-01-06,2.41576923076923,2.54269230769231,2.41576923076923,2.53,74281500,2.53
2009-01-07,2.53378378378378,2.5464527027027,2.48733108108108,2.5,33518100,2.5
2009-01-08,2.46432565789474,2.59958881578947,2.44741776315789,2.57,40478800,2.57
2009-01-09,2.57803660565724,2.62875207986689,2.53577371048253,2.54,64120900,2.54
2009-01-12,2.53957912457912,2.53957912457912,2.49309764309764,2.51,42635000,2.51
2009-01-13,2.50226804123711,2.50649484536082,2.43041237113402,2.46,54570700,2.46
2009-01-14,2.4535472972973,2.51266891891892,2.42820945945946,2.5,50660400,2.5
2009-01-15,2.49,2.51964285714286,2.45612244897959,2.49,52996700,2.49
2009-01-16,2.49502487562189,2.58805970149254,2.49502487562189,2.55,79758300,2.55
2009-01-19,2.62177152317881,2.63865894039735,2.53733443708609,2.55,70431000,2.55
2009-01-20,2.58423645320197,2.58847290640394,2.5079802955665,2.58,43377700,2.58
2009-01-21,2.5464527027027,2.57179054054054,2.49155405405405,2.5,61078200,2.5
2009-01-22,2.5215242881072,2.54695142378559,2.48762144053601,2.53,32370800,2.53
2009-01-23,2.52804753820034,2.5365025466893,2.47731748726655,2.49,56365900,2.49
2009-02-02,2.50043405676127,2.53844741235392,2.47931552587646,2.53,23422000,2.53
2009-02-03,2.54918566775244,2.64657980456026,2.54071661237785,2.6,75461900,2.6
2009-02-04,2.62694805194805,2.63965909090909,2.56339285714286,2.61,76328600,2.61
2009-02-05,2.60609951845907,2.68661316211878,2.57219903691814,2.64,121705100,2.64
2009-02-06,2.63916535433071,2.70694488188976,2.62645669291339,2.69,138443500,2.69
2009-02-09,2.69190697674419,2.73846511627907,2.67497674418605,2.73,145243900,2.73
2009-02-10,2.71269592476489,2.71692789968652,2.64498432601881,2.7,126460100,2.7
2009-02-11,2.65966049382716,2.7695987654321,2.62583333333333,2.74,176656900,2.74
2009-02-12,2.75962790697674,2.77232558139535,2.60302325581395,2.73,171115100,2.73
2009-02-16,2.77525925925926,2.87271111111111,2.7456,2.86,213841200,2.86
2009-02-17,2.85111940298507,2.97783582089552,2.81310447761194,2.83,258164000,2.83
2009-02-18,2.78305031446541,2.87610062893082,2.66885220125786,2.69,162454100,2.69
2009-02-19,2.73305084745763,2.77118644067797,2.68220338983051,2.75,86001800,2.75
2009-02-20,2.74428783382789,2.91765578635015,2.70623145400593,2.85,124409400,2.85
2009-02-23,2.86305882352941,2.88847058823529,2.79529411764706,2.88,115630400,2.88
2009-02-24,2.85350531107739,2.95511380880121,2.70109256449165,2.79,132283200,2.79
2009-02-25,2.78925581395349,2.8273488372093,2.68767441860465,2.73,79469500,2.73
2009-02-26,2.72502479338843,2.78426446280992,2.53884297520661,2.56,89849600,2.56
2009-02-27,2.54928571428571,2.60857142857143,2.44765306122449,2.49,81598700,2.49
2009-03-02,2.48546052631579,2.62917763157895,2.46432565789474,2.57,66575000,2.57
2009-03-03,2.53929853181077,2.62380097879282,2.51817292006525,2.59,58307000,2.59
2009-03-04,2.59287284144427,2.69422291993721,2.59287284144427,2.69,120708800,2.69
2009-03-05,2.7080824088748,2.72923930269414,2.61499207606973,2.67,112470800,2.67
2009-03-06,2.61308681672026,2.67228295819936,2.60463022508039,2.63,41998300,2.63
2009-03-09,2.63811074918567,2.68892508143322,2.56188925081433,2.6,42077600,2.6
2009-03-10,2.55661290322581,2.62845161290323,2.55661290322581,2.62,26417900,2.62
2009-03-11,2.65846645367412,2.67539936102236,2.60766773162939,2.65,47289900,2.65
2009-03-12,2.65117552334944,2.65117552334944,2.54529790660225,2.63,28286900,2.63
2009-03-13,2.66084415584416,2.66931818181818,2.58034090909091,2.61,31888400,2.61
2009-03-16,2.60118226600985,2.60541871921182,2.5376354679803,2.58,45267000,2.58
2009-03-17,2.57344103392569,2.62846526655897,2.56074313408724,2.62,77000400,2.62
2009-03-18,2.63153846153846,2.64423076923077,2.59346153846154,2.64,116893300,2.64
2009-03-19,2.63306709265176,2.65423322683706,2.61190095846645,2.65,86850200,2.65
2009-03-20,2.64800970873786,2.65223300970874,2.59733009708738,2.61,99906800,2.61
2009-03-23,2.61881219903692,2.65271268057785,2.59762439807384,2.64,95712300,2.64
2009-03-24,2.64439324116743,2.75,2.62749615975422,2.75,160833100,2.75
2009-03-25,2.72196485623003,2.77276357827476,2.64576677316294,2.65,108521800,2.65
2009-03-26,2.64311111111111,2.67688888888889,2.57133333333333,2.66,85842600,2.66
2009-03-27,2.68198757763975,2.73267080745342,2.66086956521739,2.72,143572900,2.72
2009-03-30,2.78807692307692,2.83038461538462,2.74153846153846,2.75,206443300,2.75
2009-03-31,2.68925925925926,2.76537037037037,2.66388888888889,2.74,82826300,2.74
2009-04-01,2.75270479134467,2.77387944358578,2.68918083462133,2.74,150547500,2.74
2009-04-02,2.74576271186441,2.75423728813559,2.69067796610169,2.75,125365200,2.75
2009-04-03,2.74225352112676,2.75492957746479,2.67042253521127,2.7,108339600,2.7
2009-04-06,2.7,2.7,2.7,2.7,0,2.7
2009-04-07,2.69534810126582,2.69534810126582,2.64042721518987,2.67,88081700,2.67
2009-04-08,2.66881967213115,2.69419672131148,2.57577049180328,2.58,84954000,2.58
2009-04-09,2.58457792207792,2.62694805194805,2.55491883116883,2.61,61740700,2.61
2009-04-10,2.62728731942215,2.64,2.55948635634029,2.64,136990500,2.64
2009-04-13,2.67266666666667,2.68955555555556,2.63466666666667,2.66,196373700,2.66
2009-04-14,2.66,2.67270700636943,2.61764331210191,2.66,129140300,2.66
2009-04-15,2.64535483870968,2.64535483870968,2.58196774193548,2.62,150806000,2.62
2009-04-16,2.62307692307692,2.64423076923077,2.59769230769231,2.64,146702700,2.64
2009-04-17,2.63961102106969,2.63961102106969,2.5973095623987,2.61,108129000,2.61
2009-04-20,2.60976452119309,2.71111459968603,2.60976452119309,2.69,218912000,2.69
2009-04-21,2.66,2.68533333333333,2.63044444444445,2.66,121148000,2.66
2009-04-22,2.67807692307692,2.72884615384615,2.60615384615385,2.64,179080100,2.64
2009-04-23,2.6182103610675,2.69844583987441,2.6182103610675,2.69,149301600,2.69
2009-04-24,2.70651828298887,2.72343402225755,2.65154213036566,2.66,142976800,2.66
2009-04-27,2.65695024077047,2.69508828250401,2.62728731942215,2.64,116789300,2.64
2009-04-28,2.61691056910569,2.64227642276423,2.57886178861789,2.6,90010400,2.6
2009-04-29,2.60306946688207,2.63693053311793,2.59037156704362,2.62,78058700,2.62
2009-04-30,2.65114147909968,2.65959807073955,2.60885852090032,2.63,66413000,2.63
2009-05-01,2.63,2.63,2.63,2.63,0,2.63
2009-05-04,2.62816901408451,2.72112676056338,2.62394366197183,2.7,151235700,2.7
2009-05-05,2.70353302611367,2.78379416282642,2.68241167434716,2.75,231843600,2.75
2009-05-06,2.74888719512195,2.79533536585366,2.72355182926829,2.77,171137400,2.77
2009-05-07,2.80184210526316,2.81029411764706,2.6877399380805,2.73,154748700,2.73
2009-05-08,2.71390909090909,2.84072727272727,2.69277272727273,2.79,240133600,2.79
2009-05-11,2.82168224299065,2.83439252336449,2.71576323987539,2.72,180874700,2.72
2009-05-12,2.7008269525268,2.76845329249617,2.67969372128637,2.76,108708100,2.76
2009-05-13,2.76154198473282,2.82074809160305,2.71925190839695,2.77,136895800,2.77
2009-05-14,2.74924471299094,2.81268882175227,2.72809667673716,2.8,160827100,2.8
2009-05-15,2.80961948249619,2.80961948249619,2.7503805175038,2.78,100080400,2.78
2009-05-18,2.76886363636364,2.84495454545455,2.75618181818182,2.79,138677800,2.79
2009-05-19,2.79646697388633,2.80491551459293,2.72465437788018,2.75,132242700,2.75
2009-05-20,2.76803405572755,2.7722600619195,2.7130959752322,2.73,81790300,2.73
2009-05-21,2.71960691823899,2.74921383647799,2.67308176100629,2.69,86088700,2.69
2009-05-22,2.69,2.69,2.69,2.69,0,2.69
2009-05-25,2.66651162790698,2.73846511627907,2.64958139534884,2.73,78544400,2.73
2009-05-26,2.73113884555382,2.75227769110764,2.70577223088924,2.71,68148300,2.71
2009-05-27,2.74534161490683,2.75801242236025,2.69888198757764,2.72,76599200,2.72
2009-05-28,2.72,2.72,2.72,2.72,0,2.72
2009-05-29,2.72,2.72,2.72,2.72,0,2.72
2009-06-01,2.73732718894009,2.76689708141321,2.72465437788018,2.75,131585000,2.75
2009-06-02,2.76846625766871,2.78116564417178,2.74730061349693,2.76,94156800,2.76
2009-06-03,2.76267281105991,2.76267281105991,2.70775729646697,2.75,104419800,2.75
2009-06-04,2.74652108433735,2.82692771084337,2.72959337349398,2.81,217697500,2.81
2009-06-05,2.82965204236006,2.89319213313162,2.79576399394856,2.8,249423400,2.8
2009-06-08,2.80422960725075,2.85921450151057,2.75347432024169,2.8,132896600,2.8
2009-06-09,2.79577677224736,2.81689291101056,2.74509803921569,2.8,100838600,2.8
2009-06-10,2.80085672082718,2.90224519940916,2.7797341211226,2.86,192146800,2.86
2009-06-11,2.89198198198198,2.90045045045045,2.81153153153153,2.82,149104600,2.82
2009-06-12,2.80800304878049,2.80800304878049,2.74888719512195,2.77,98979300,2.77
2009-06-15,2.76310030395137,2.79689969604863,2.74620060790274,2.78,60898900,2.78
2009-06-16,2.76463636363636,2.81113636363636,2.73927272727273,2.79,82881600,2.79
2009-06-17,2.79576399394856,2.80423600605144,2.7661119515885,2.8,56801300,2.8
2009-06-18,2.79155354449472,2.8211161387632,2.77043740573152,2.8,93801500,2.8
2009-06-19,2.81346153846154,2.88538461538462,2.79230769230769,2.86,176112800,2.86
2009-06-22,2.87730600292826,2.9703953147877,2.86038067349927,2.89,250858600,2.89
2009-06-23,2.84366197183099,3.02112676056338,2.82676056338028,3,287986500,3
2009-06-24,3.00845070422535,3.07605633802817,2.96619718309859,3,209230500,3
2009-06-25,3.01537482319661,3.06612446958982,2.96039603960396,2.99,121361400,2.99
2009-06-26,2.99226361031519,3.02184813753582,2.92464183381089,2.95,86383300,2.95
2009-06-29,2.96772471910112,3.02268258426966,2.95926966292135,3.01,97113200,3.01
2009-06-30,3.02618364418938,3.03888091822095,2.93730272596844,2.95,81488900,2.95
2009-07-01,2.93732091690544,2.97113180515759,2.91196275071633,2.95,109384900,2.95
2009-07-02,2.96846924177396,2.99811158798283,2.9134191702432,2.96,151177300,2.96
2009-07-03,2.91659574468085,2.99268085106383,2.91236879432624,2.98,122531900,2.98
2009-07-06,3.01456944444444,3.08705555555556,2.98472222222222,3.07,197773300,3.07
2009-07-07,3.09,3.15393103448276,3.06868965517241,3.09,178685900,3.09
2009-07-08,3.08121126760563,3.08547887323944,2.98732394366197,3.03,113049100,3.03
2009-07-09,3.02720897615708,3.04426367461431,2.99309957924264,3.04,90286500,3.04
2009-07-10,3.03853521126761,3.08121126760563,3.02146478873239,3.03,102682200,3.03
2009-07-13,3.03024861878453,3.14975138121547,3.02171270718232,3.09,141457800,3.09
2009-07-14,3.09755291005291,3.28981481481481,3.09755291005291,3.23,274032300,3.23
2009-07-15,3.24718217562254,3.36681520314548,3.22581913499345,3.26,229215800,3.26
2009-07-16,3.29835978835979,3.30263227513228,3.20863756613757,3.23,113210900,3.23
2009-07-17,3.2256,3.25546666666667,3.16586666666667,3.2,96444100,3.2
2009-07-20,3.20879581151832,3.28133507853403,3.20879581151832,3.26,107403100,3.26
2009-07-21,3.27253369272237,3.31098382749326,3.14436657681941,3.17,142994900,3.17
2009-07-22,3.15588235294118,3.24117647058823,3.15588235294118,3.19,103347400,3.19
2009-07-23,3.1988188976378,3.26279527559055,3.19028871391076,3.25,140874900,3.25
2009-07-24,3.28554232804233,3.30263227513228,3.16164021164021,3.23,126628600,3.23
2009-07-27,3.243,3.31136363636364,3.23872727272727,3.29,171653000,3.29
2009-07-28,3.29452229299363,3.37133757961783,3.2475796178344,3.35,179728500,3.35
2009-07-29,3.35122897800776,3.52199223803363,3.18046571798189,3.3,275743700,3.3
2009-07-30,3.29348370927318,3.45538847117794,3.25087719298246,3.4,193827400,3.4
2009-07-31,3.41766109785203,3.67398568019093,3.41766109785203,3.58,297263200,3.58
2009-08-03,3.62011695906433,3.73964912280702,3.50485380116959,3.65,289370200,3.65
2009-08-04,3.64739030023095,3.69426096997691,3.5323441108545,3.69,195771400,3.69
2009-08-05,3.6652380952381,3.70359523809524,3.51180952380952,3.58,146093300,3.58
2009-08-06,3.54563106796117,3.62252427184466,3.48155339805825,3.52,128780100,3.52
2009-08-07,3.55109471094711,3.61511685116851,3.44012300123001,3.47,171670400,3.47
2009-08-10,3.50225563909774,3.52781954887218,3.32330827067669,3.4,159293500,3.4
2009-08-11,3.41969543147208,3.42822335025381,3.31736040609137,3.36,104633300,3.36
2009-08-12,3.34492597577389,3.37905787348587,3.15720053835801,3.17,159510700,3.17
2009-08-13,3.165733512786,3.20413189771198,3.06760430686407,3.17,168984000,3.17
2009-08-14,3.15295698924731,3.22112903225806,3.10608870967742,3.17,171863900,3.17
2009-08-17,3.17772594752187,3.18626822157434,2.9086443148688,2.93,151848200,2.93
2009-08-18,2.89647390691114,3.04555712270804,2.88369534555712,3.02,165371300,3.02
2009-08-19,3.04199101796407,3.04199101796407,2.82013473053892,2.85,118843700,2.85
2009-08-20,2.84625,2.98280172413793,2.84625,2.97,105330700,2.97
2009-08-21,2.97728429985856,3.05417256011315,2.93884016973126,3.02,100873200,3.02
2009-08-24,3.01555555555556,3.03259259259259,2.96018518518519,2.99,84796400,2.99
2009-08-25,2.98682492581602,2.99109792284866,2.81163204747774,2.88,83403400,2.88
2009-08-26,2.86616714697406,3.00265129682997,2.83631123919308,2.96,71414900,2.96
2009-08-27,2.96292263610315,3.01842406876791,2.91595988538682,2.98,69895500,2.98
2009-08-28,2.97409691629956,2.97837004405286,2.9057268722467,2.91,50048300,2.91
2009-08-31,2.89351181102362,2.89351181102362,2.69292913385827,2.71,81529300,2.71
2009-09-01,2.7043661971831,2.80262910798122,2.69582159624413,2.73,71970000,2.73
2009-09-02,2.73445635528331,2.81563552833078,2.72163859111792,2.79,52893900,2.79
2009-09-03,2.79,2.79,2.79,2.79,0,2.79
2009-09-04,2.90852941176471,2.92132352941176,2.84882352941176,2.9,119728500,2.9
2009-09-07,2.90455331412104,2.98132564841499,2.87469740634006,2.96,98495200,2.96
2009-09-08,2.91903409090909,3.01278409090909,2.88494318181818,3,97644300,3
2009-09-09,3.00115606936416,3.0224710982659,2.90310693641619,2.95,94341600,2.95
2009-09-10,2.94264705882353,2.94264705882353,2.85735294117647,2.9,62876900,2.9
2009-09-11,2.89739130434783,2.95278260869565,2.88460869565217,2.94,93508900,2.94
2009-09-14,2.97301272984441,3.03281471004243,2.9431117397454,3.02,106807900,3.02
2009-09-15,3.03459310344828,3.09852413793103,3.03033103448276,3.09,136338500,3.09
2009-09-16,3.09401408450704,3.10254929577465,3.00866197183099,3.03,70439800,3.03
2009-09-17,3.05017980636238,3.11834024896266,3.02887966804979,3.08,125826900,3.08
2009-09-18,3.10655172413793,3.10655172413793,2.94866379310345,2.97,73804500,2.97
2009-09-21,2.95460674157303,3.0485393258427,2.95033707865169,3.04,102378400,3.04
2009-09-22,3.04264748201439,3.10247482014388,2.97,2.97,79325700,2.97
2009-09-23,2.96262773722628,3.00525547445255,2.83900729927007,2.92,56947800,2.92
2009-09-24,2.89135416666667,2.91270833333333,2.8315625,2.87,50685500,2.87
2009-09-25,2.86259818731118,2.87537764350453,2.78592145015106,2.82,61535900,2.82
2009-09-28,2.83392307692308,2.85949230769231,2.76147692307692,2.77,38684400,2.77
2009-09-29,2.77573619631902,2.79705521472393,2.72883435582822,2.78,33356800,2.78
2009-09-30,2.82,2.867,2.79863636363636,2.82,38978400,2.82
2009-10-01,2.82,2.82,2.82,2.82,0,2.82
2009-10-02,2.82,2.82,2.82,2.82,0,2.82
2009-10-05,2.82,2.82,2.82,2.82,0,2.82
2009-10-06,2.82,2.82,2.82,2.82,0,2.82
2009-10-07,2.82,2.82,2.82,2.82,0,2.82
2009-10-08,2.82,2.82,2.82,2.82,0,2.82
2009-10-09,2.85444933920705,2.9142731277533,2.85017621145374,2.91,42586200,2.91
2009-10-12,2.91,2.92706744868035,2.8758651026393,2.91,48462800,2.91
2009-10-13,2.90347705146036,3.09134909596662,2.87785813630042,3.07,137506400,3.07
2009-11-13,3.37079738562091,3.37079738562091,3.19181699346405,3.26,370474300,3.26
2009-11-16,3.25440832249675,3.30559167750325,3.22455136540962,3.28,227985100,3.28
2009-11-17,3.30394736842105,3.30394736842105,3.22721052631579,3.24,177212500,3.24
2009-11-18,3.25573298429319,3.30693717277487,3.23013089005236,3.26,132999600,3.26
2009-11-19,3.26,3.27278431372549,3.22590849673203,3.26,142050800,3.26
2009-11-20,3.29835294117647,3.35801307189542,3.26,3.26,241742900,3.26
2009-11-23,3.27272486772487,3.27699735449735,3.20009259259259,3.23,170293500,3.23
2009-11-24,3.22484094052559,3.23336099585062,3.06721991701245,3.08,171987500,3.08
2009-11-25,3.07459459459459,3.16427027027027,3.07459459459459,3.16,112352700,3.16
2009-11-26,3.18785515320334,3.18785515320334,3.05573816155989,3.06,113737300,3.06
2009-11-27,3.04842553191489,3.04842553191489,2.9843829787234,3.01,73304900,3.01
2009-11-30,3.01174515235457,3.08426592797784,3.01174515235457,3.08,72923200,3.08
2009-12-01,3.07867950481431,3.10426409903714,3.03603851444292,3.1,81645600,3.1
2009-12-02,3.1057397260274,3.12278082191781,3.07591780821918,3.11,88183300,3.11
2009-12-03,3.11412742382271,3.11412742382271,3.05013850415512,3.08,74178400,3.08
2009-12-04,3.06885245901639,3.12426229508197,3.01770491803279,3.12,135338100,3.12
2009-12-07,3.12145975443383,3.1556207366985,3.10010914051842,3.13,106226100,3.13
2009-12-08,3.12116666666667,3.12543055555556,3.05294444444444,3.07,121386300,3.07
2009-12-09,3.05417256011315,3.06698727015559,3.01145685997171,3.02,89211600,3.02
2009-12-10,3.02705382436261,3.04837110481586,2.98441926345609,3.01,95972500,3.01
2009-12-11,3.0228085106383,3.0356170212766,2.9886524822695,3.01,63146700,3.01
2009-12-14,3.00722143864598,3.02425952045134,2.9561071932299,3.02,75368700,3.02
2009-12-15,3.02867132867133,3.07559440559441,3.02013986013986,3.05,77667000,3.05
2009-12-16,3.05263456090652,3.06116147308782,2.99720963172805,3.01,45904400,3.01
2009-12-17,3.01721518987342,3.03852320675105,2.96181434599156,3.03,83658300,3.03
2009-12-18,3.00134670487106,3.0141547277937,2.93730659025788,2.98,87749300,2.98
2009-12-21,2.98738396624473,3.03852320675105,2.97459915611814,3.03,93365200,3.03
2009-12-22,3.03259259259259,3.03685185185185,2.96444444444444,2.99,64125600,2.99
2009-12-23,2.99730337078652,3.05280898876405,2.98876404494382,3.04,64822700,3.04
2009-12-24,3.01328275862069,3.10704827586207,3.01328275862069,3.09,132553500,3.09
2009-12-28,3.09583901773533,3.14281036834925,3.078758526603,3.13,93395800,3.13
2009-12-29,3.13990384615385,3.15271978021978,3.09718406593407,3.11,76472000,3.11
2009-12-30,3.13146739130435,3.14426630434783,3.09307065217391,3.14,118766100,3.14
2009-12-31,3.14146341463415,3.19268292682927,3.14146341463415,3.15,93882700,3.15
2010-01-04,3.15393103448276,3.17097931034483,3.08573793103448,3.09,74386700,3.09
2010-01-05,3.09984722222222,3.108375,3.031625,3.07,94466600,3.07
2010-01-06,3.07132867132867,3.07132867132867,3.02867132867133,3.05,108391200,3.05
2010-01-07,3.03259259259259,3.04537037037037,2.98148148148148,2.99,108913500,2.99
2010-01-08,2.99309957924264,3.04426367461431,2.98030855539972,3.04,65679100,3.04
2010-01-11,3.05573816155989,3.08130919220056,3.03442896935933,3.06,76345200,3.06
2010-01-12,3.06307270233196,3.12706447187929,3.03747599451303,3.11,101785700,3.11
2010-01-13,3.05869986168741,3.13538035961272,3.04591977869986,3.08,87802800,3.08
2010-01-14,3.08740540540541,3.18135135135135,3.08740540540541,3.16,138549500,3.16
2010-01-15,3.16262295081967,3.16688524590164,3.09016393442623,3.12,91072600,3.12
2010-01-18,3.11866847826087,3.14,3.08880434782609,3.14,79215600,3.14
2010-01-19,3.14412894375857,3.15266117969822,3.10573388203018,3.11,82609100,3.11
2010-01-20,3.11232294617564,3.12084985835694,3.00573654390935,3.01,91369200,3.01
2010-01-21,3.02294530154278,3.05705469845722,2.99736325385694,3.04,48735300,3.04
2010-01-22,3.02018156424581,3.0840782122905,3.00314245810056,3.05,61385300,3.05
2010-01-25,3.06977304964539,3.06977304964539,3.0057304964539,3.01,48942400,3.01
2010-01-26,3.00525547445255,3.02656934306569,2.90294890510949,2.92,59727700,2.92
2010-01-27,2.92,2.94557664233577,2.90721167883212,2.92,34240200,2.92
2010-01-28,2.92865412445731,2.97134587554269,2.92438494934877,2.95,23677000,2.95
2010-01-29,2.95,2.97561505065123,2.91157742402316,2.95,39217700,2.95
2010-02-01,2.944,2.94826666666667,2.82026666666667,2.88,37847800,2.88
2010-02-02,2.90554722638681,2.94400299850075,2.84572713643178,2.85,23633800,2.85
2010-02-04,2.88863436123348,2.93563876651982,2.88436123348018,2.91,42121200,2.91
2010-02-05,2.8585201793722,2.90112107623318,2.81591928251121,2.85,39180400,2.85
2010-02-08,2.86414781297134,2.87268476621418,2.81719457013575,2.83,31838800,2.83
2010-02-09,2.82720720720721,2.84,2.81441441441441,2.84,16316800,2.84
2010-02-10,2.85,2.8627802690583,2.83295964125561,2.85,19442500,2.85
2010-02-11,2.87854166666667,2.8828125,2.85291666666667,2.87,18596500,2.87
2010-02-12,2.86733137829912,2.91426686217009,2.86733137829912,2.91,24655600,2.91
2010-02-15,2.86733137829912,2.91426686217009,2.86733137829912,2.91,24655600,2.91
2010-02-16,2.86733137829912,2.91426686217009,2.86733137829912,2.91,24655600,2.91
2010-02-17,2.86733137829912,2.91426686217009,2.86733137829912,2.91,24655600,2.91
2010-02-18,2.86733137829912,2.91426686217009,2.86733137829912,2.91,24655600,2.91
2010-02-22,2.9156129985229,2.92841949778434,2.88573116691285,2.89,19834500,2.89
2010-02-23,2.89023154848046,2.96707670043415,2.88596237337192,2.95,47129800,2.95
2010-02-24,2.9348489010989,3.13135989010989,2.92630494505494,3.11,131355700,3.11
2010-02-25,3.10147945205479,3.11852054794521,3.07591780821918,3.11,68062700,3.11
2010-02-26,3.10990291262136,3.12271844660194,3.07572815533981,3.08,48827400,3.08
2010-03-01,3.07897435897436,3.1642645074224,3.07897435897436,3.16,98438300,3.16
2010-03-02,3.15985013623978,3.16837874659401,3.12147138964578,3.13,47307700,3.13
2010-03-03,3.13280437756498,3.14987688098495,3.09439124487004,3.12,44316900,3.12
2010-03-04,3.12539325842697,3.12966292134831,3.0314606741573,3.04,42058000,3.04
2010-03-05,3.03866108786611,3.08987447698745,3.03439330543933,3.06,33222300,3.06
2010-03-08,3.0530303030303,3.12561983471074,3.04022038567493,3.1,37537100,3.1
2010-03-09,3.09295890410959,3.12278082191781,3.07165753424658,3.11,49745100,3.11
2010-03-10,3.10563106796116,3.13126213592233,3.06718446601942,3.08,39673300,3.08
2010-03-11,3.09146005509642,3.13842975206612,3.07865013774105,3.1,32553700,3.1
2010-03-12,3.11696801112656,3.12123783031989,3.06573018080668,3.07,25082800,3.07
2010-03-15,3.07553041018388,3.08407355021216,3.01145685997171,3.02,85377300,3.02
2010-03-16,3.01865168539326,3.06134831460674,3.01438202247191,3.04,36388400,3.04
2010-03-17,3.04732044198895,3.0942679558011,3.04305248618784,3.09,33355000,3.09
2010-03-18,3.09988873435327,3.11269819193324,3.06146036161335,3.07,25356000,3.07
2010-03-19,3.0716462585034,3.14427210884354,3.06737414965986,3.14,58403100,3.14
2010-03-22,3.15727636849132,3.26835781041389,3.15727636849132,3.2,142001600,3.2
2010-03-23,3.2,3.21708945260347,3.16582109479306,3.2,65584500,3.2
2010-03-24,3.20017150395778,3.23852242744063,3.1788654353562,3.23,84156500,3.23
2010-03-25,3.23676113360324,3.24955465587045,3.13441295546559,3.16,68424800,3.16
2010-03-26,3.16895833333333,3.2928125,3.16041666666667,3.28,139462300,3.28
2010-03-29,3.28720930232558,3.33837209302326,3.22751937984496,3.3,128220700,3.3
2010-03-30,3.32131782945736,3.36821705426357,3.27441860465116,3.3,138735900,3.3
2010-03-31,3.3763361547763,3.60683192261185,3.31657799274486,3.53,581857200,3.53
2010-04-01,3.51573849878935,3.52852300242131,3.45181598062954,3.52,253951400,3.52
2010-04-02,3.52409035409035,3.53687423687424,3.46017094017094,3.49,167276200,3.49
2010-04-06,3.51135862913097,3.51990208078335,3.47291309669523,3.49,116454300,3.49
2010-04-07,3.48262701363073,3.4868897149938,3.41868649318463,3.44,117712700,3.44
2010-04-08,3.43705735660848,3.4626433915212,3.40294264339152,3.42,99212900,3.42
2010-04-09,3.42455882352941,3.49705882352941,3.40323529411765,3.48,116691800,3.48
2010-04-12,3.485598027127,3.50266337854501,3.42586929716399,3.46,94828800,3.46
2010-04-13,3.46146371463715,3.49987699876999,3.43158671586716,3.47,99322900,3.47
2010-04-14,3.4813316892725,3.485598027127,3.4386683107275,3.46,60347500,3.46
2010-04-15,3.4568875,3.4568875,3.367375,3.41,75090800,3.41
2010-04-16,3.41293532338309,3.45133084577114,3.39160447761194,3.43,52270500,3.43
2010-04-19,3.42654685494223,3.46064184852375,3.30721437740693,3.32,120060200,3.32
2010-04-21,3.37467324290999,3.49413070283601,3.37467324290999,3.46,135789800,3.46
2010-04-22,3.46705809641533,3.49264524103832,3.43294190358467,3.45,85469800,3.45
2010-04-23,3.45559701492537,3.48546019900498,3.42146766169154,3.43,63577800,3.43
2010-04-26,3.43257941550191,3.45392630241423,3.35573062261753,3.36,71765700,3.36
2010-04-27,3.39456118665019,3.45426452410383,3.31353522867738,3.45,133411000,3.45
2010-04-28,3.45292742927429,3.52121771217712,3.41878228782288,3.47,146389200,3.47
2010-04-29,3.4739375,3.4909875,3.4057375,3.41,89961100,3.41
2010-04-30,3.41704260651629,3.43408521303258,3.37017543859649,3.4,88349900,3.4
2010-05-04,3.37443609022556,3.46817042606516,3.36591478696742,3.4,45721600,3.4
2010-05-05,3.3270618556701,3.33559278350516,3.16497422680412,3.31,102267300,3.31
2010-05-06,3.31093333333333,3.31093333333333,3.2,3.2,73002000,3.2
2010-05-07,3.14675,3.17233333333333,3.01883333333333,3.07,122828100,3.07
2010-05-10,3.07146814404432,3.10559556786704,3.02027700831025,3.08,69783400,3.08
2010-05-11,3.12667597765363,3.14371508379888,3.02444134078212,3.05,82852600,3.05
2010-05-12,3.07852777777778,3.07852777777778,2.98472222222222,3.07,56506200,3.07
2010-05-13,3.07029972752044,3.16411444141689,3.03618528610354,3.13,79543100,3.13
2010-05-14,3.12583783783784,3.2027027027027,3.10875675675676,3.16,83540100,3.16
2010-05-17,3.16262295081967,3.21377049180328,3.06032786885246,3.12,88816700,3.12
2010-05-18,3.12561983471074,3.14269972451791,2.88650137741047,3.1,93494800,3.1
2010-05-19,3.04217741935484,3.18704301075269,2.98252688172043,3.17,96870000,3.17
2010-05-20,3.15145945945946,3.19416216216216,3.10021621621622,3.16,82714600,3.16
2010-05-21,3.08705555555556,3.13822222222222,3.03588888888889,3.07,93355500,3.07
2010-05-24,3.07173913043478,3.14853260869565,3.07173913043478,3.14,94546700,3.14
2010-05-25,3.12818941504178,3.12818941504178,3.04295264623955,3.06,63505400,3.06
2010-05-26,3.05,3.0840782122905,3.03296089385475,3.05,41890100,3.05
2010-05-27,3.05147632311978,3.06852367688022,2.99181058495822,3.06,55513300,3.06
2010-05-28,3.0840782122905,3.09259776536313,3.03296089385475,3.05,47331300,3.05
2010-05-31,3.02974137931034,3.04681034482759,2.96146551724138,2.97,54145400,2.97
2010-06-01,2.95709302325581,2.98273255813953,2.91436046511628,2.94,37621500,2.94
2010-06-02,2.93147826086956,2.94852173913043,2.89739130434783,2.94,29101700,2.94
2010-06-03,2.95266862170088,2.96120234604106,2.90146627565982,2.91,37888600,2.91
2010-06-04,2.89,2.89852507374631,2.87294985250737,2.89,28144400,2.89
2010-06-07,2.86272727272727,2.86272727272727,2.79436363636364,2.82,60511200,2.82
2010-06-08,2.82,2.82854545454545,2.79436363636364,2.82,31614400,2.82
2010-06-09,2.82585074626866,2.86853731343284,2.80023880597015,2.86,47089800,2.86
2010-06-10,2.85443786982249,2.92260355029586,2.82887573964497,2.88,50453900,2.88
2010-06-11,2.88854599406528,2.92272997032641,2.86290801186944,2.88,31865600,2.88
2010-06-14,2.88,2.88,2.88,2.88,0,2.88
2010-06-15,2.88,2.88,2.88,2.88,0,2.88
2010-06-16,2.88,2.88,2.88,2.88,0,2.88
2010-06-17,2.89704142011834,2.92260355029586,2.87147928994083,2.88,36411100,2.88
2010-06-18,2.88114457831325,2.88114457831325,2.81295180722892,2.83,32078200,2.83
2010-06-21,2.83727002967359,2.88854599406528,2.81163204747774,2.88,29501200,2.88
2010-06-22,2.86706586826347,2.86706586826347,2.84146706586826,2.85,30135800,2.85
2010-06-23,2.83852409638554,2.84704819277108,2.81295180722892,2.83,22544500,2.83
2010-06-24,2.83562310030395,2.8441641337386,2.80145896656535,2.81,29233700,2.81
2010-06-25,2.81,2.81854103343465,2.78437689969605,2.81,24545400,2.81
2010-06-28,2.80558282208589,2.80558282208589,2.78,2.78,19369200,2.78
2010-06-29,2.78416149068323,2.83540372670807,2.74145962732919,2.75,49904800,2.75
2010-06-30,2.7302752293578,2.82412844036697,2.65348623853211,2.79,42192500,2.79
2010-07-01,2.7856346749226,2.79417956656347,2.75145510835913,2.76,18105800,2.76
2010-07-02,2.76888217522659,2.82851963746224,2.74332326283988,2.82,51319000,2.82
2010-07-05,2.81295180722892,2.84704819277108,2.77885542168675,2.83,31196300,2.83
2010-07-06,2.83583333333333,2.87854166666667,2.81875,2.87,40007600,2.87
2010-07-07,2.85557228915663,2.86409638554217,2.81295180722892,2.83,21714100,2.83
2010-07-08,2.85270516717325,2.8612462006079,2.80145896656535,2.81,16590100,2.81
2010-07-09,2.81586826347305,2.86706586826347,2.79026946107784,2.85,30400400,2.85
2010-07-12,2.85,2.86706586826347,2.83293413173653,2.85,30975500,2.85
2010-07-13,2.83884955752212,2.90705014749263,2.79622418879056,2.89,51679600,2.89
2010-07-14,2.88294117647059,2.92558823529412,2.87441176470588,2.9,39571800,2.9
2010-07-15,2.90119760479042,2.90973053892216,2.84146706586826,2.85,21501900,2.85
2010-07-16,2.82147590361446,2.84704819277108,2.80442771084337,2.83,18008700,2.83
2010-07-19,2.82729166666667,2.87854166666667,2.81020833333333,2.87,27771900,2.87
2010-07-20,2.87294985250737,2.89852507374631,2.86442477876106,2.89,51253300,2.89
2010-07-21,2.88846575342466,3.17816438356164,2.87994520547945,3.11,160268800,3.11
2010-07-22,3.05585635359116,3.09853591160221,3.01317679558011,3.09,112375400,3.09
2010-07-23,3.10126050420168,3.10980392156863,3.02436974789916,3.05,51718000,3.05
2010-07-26,3.05,3.08417366946779,3.03291316526611,3.05,40216700,3.05
2010-07-27,3.04111111111111,3.04111111111111,2.98148148148148,2.99,53169200,2.99
2010-07-28,2.99873949579832,3.08417366946779,2.99019607843137,3.05,74980300,3.05
2010-07-29,3.05147632311978,3.09409470752089,3.01738161559889,3.06,109681400,3.06
2010-07-30,3.07563025210084,3.07563025210084,3.00728291316527,3.05,62715900,3.05
2010-08-02,3.03588888888889,3.08705555555556,3.01883333333333,3.07,82934800,3.07
2010-08-03,3.06818181818182,3.06818181818182,3,3,79499500,3
2010-08-04,3,3.01704545454545,2.96590909090909,3,52546900,3
2010-08-05,3,3,3,3,0,3
2010-08-06,3.03296089385475,3.09259776536313,3.00740223463687,3.05,96049800,3.05
2010-08-09,3.06708683473389,3.06708683473389,3.02436974789916,3.05,59364500,3.05
2010-08-10,3.04830945558739,3.06538681948424,2.97146131805158,2.98,62851800,2.98
2010-08-11,2.97,2.98706896551724,2.94439655172414,2.97,37959400,2.97
2010-08-12,2.95266862170088,2.95266862170088,2.90146627565982,2.91,42197700,2.91
2010-08-13,2.90591304347826,2.94,2.90591304347826,2.94,31355700,2.94
2010-08-16,2.95582857142857,2.99,2.92165714285714,2.99,50962300,2.99
2010-08-17,2.99560344827586,3.00413793103448,2.94439655172414,2.97,57067400,2.97
2010-08-18,2.98410404624277,3.00115606936416,2.94147398843931,2.95,49209100,2.95
2010-08-19,2.94852173913043,2.9655652173913,2.92295652173913,2.94,51740800,2.94
2010-08-20,2.93411764705882,2.94264705882353,2.89147058823529,2.9,55591400,2.9
2010-08-23,2.89704142011834,2.91408284023669,2.87147928994083,2.88,33046500,2.88
2010-08-24,2.88147492625369,2.92410029498525,2.85589970501475,2.89,37010500,2.89
2010-08-25,2.88114457831325,2.8896686746988,2.82147590361446,2.83,50279700,2.83
2010-08-26,2.82440119760479,2.87559880239521,2.82440119760479,2.85,31661500,2.85
2010-08-27,2.84704819277108,2.84704819277108,2.82147590361446,2.83,24023200,2.83
2010-08-30,2.84146706586826,2.85853293413174,2.82440119760479,2.85,50662800,2.85
2010-08-31,2.84555891238671,2.84555891238671,2.79444108761329,2.82,57488300,2.82
2010-09-01,2.81261538461538,2.82966153846154,2.76147692307692,2.77,58732000,2.77
2010-09-02,2.79,2.79853211009174,2.77293577981651,2.79,33896900,2.79
2010-09-03,2.78555555555556,2.78555555555556,2.73444444444444,2.76,45346600,2.76
2010-09-06,2.77727272727273,2.82,2.76018181818182,2.82,49977900,2.82
2010-09-07,2.81295180722892,2.83852409638554,2.80442771084337,2.83,39746300,2.83
2010-09-08,2.82854545454545,2.82854545454545,2.78581818181818,2.82,36651400,2.82
2010-09-09,2.8441641337386,2.8612462006079,2.7929179331307,2.81,49707800,2.81
2010-09-10,2.79705521472393,2.81411042944785,2.75441717791411,2.78,43697800,2.78
2010-09-13,2.77852307692308,2.78704615384615,2.74443076923077,2.77,39996300,2.77
2010-09-14,2.77320359281437,2.91826347305389,2.74760479041916,2.85,109751500,2.85
2010-09-15,2.81411042944785,2.83116564417178,2.77147239263804,2.78,56754100,2.78
2010-09-16,2.78852760736196,2.79705521472393,2.73736196319018,2.78,45962300,2.78
2010-09-17,2.77852307692308,2.80409230769231,2.75295384615385,2.77,31578000,2.77
2010-09-20,2.77,2.77852307692308,2.74443076923077,2.77,31767700,2.77
2010-09-21,2.76294478527607,2.78852760736196,2.75441717791411,2.78,21584200,2.78
2010-09-22,2.78,2.78,2.78,2.78,0,2.78
2010-09-23,2.78,2.78,2.78,2.78,0,2.78
2010-09-24,2.78,2.78,2.78,2.78,0,2.78
2010-09-27,2.78,2.79705521472393,2.75441717791411,2.78,30005000,2.78
2010-09-28,2.78,2.78852760736196,2.75441717791411,2.78,46418600,2.78
2010-09-29,2.77885542168675,2.83852409638554,2.76180722891566,2.83,76210000,2.83
2010-09-30,2.82851963746224,2.83703927492447,2.80296072507553,2.82,35297700,2.82
2010-10-01,2.82,2.82,2.82,2.82,0,2.82
2010-10-04,2.82,2.82,2.82,2.82,0,2.82
2010-10-05,2.82,2.82,2.82,2.82,0,2.82
2010-10-06,2.82,2.82,2.82,2.82,0,2.82
2010-10-07,2.82,2.82,2.82,2.82,0,2.82
2010-10-08,2.82440119760479,2.86706586826347,2.80733532934132,2.85,75868000,2.85
2010-10-11,2.89915014164306,3.03558073654391,2.88209631728045,3.01,187968900,3.01
2010-10-12,2.98706896551724,3.02120689655172,2.91879310344828,2.97,130248700,2.97
2010-10-13,2.97706051873199,2.98559077809798,2.90881844380403,2.96,98568000,2.96
2010-10-14,2.99560344827586,3.00413793103448,2.94439655172414,2.97,145426000,2.97
2010-10-15,2.9605540166205,3.11412742382271,2.92642659279778,3.08,212036300,3.08
2010-10-18,3.10021621621622,3.29664864864865,3.05751351351351,3.16,352776700,3.16
2010-10-19,3.16411444141689,3.16411444141689,3.07029972752044,3.13,156297800,3.13
2010-10-20,3.05560563380282,3.08974647887324,3.00439436619718,3.03,181628300,3.03
2010-10-21,3.04530259365994,3.05383285302594,2.94293948126801,2.96,145905900,2.96
2010-10-22,2.97296296296296,3.00703703703704,2.95592592592593,2.99,85171900,2.99
2010-10-25,2.99147727272727,3,2.93181818181818,3,139474200,3
2010-10-26,3.00265129682997,3.00265129682997,2.93440922190202,2.96,139346700,2.96
2010-10-27,2.95704347826087,2.97408695652174,2.93147826086956,2.94,81607400,2.94
2010-10-28,2.94147398843931,2.97557803468208,2.92442196531792,2.95,94449600,2.95
2010-10-29,2.9441348973607,2.97826979472141,2.89293255131965,2.91,100802600,2.91
2010-11-01,2.91291545189504,2.94708454810496,2.90437317784257,2.93,92841200,2.93
2010-11-02,2.92876790830946,2.98,2.88607449856733,2.98,164122800,2.98
2010-11-03,2.96563953488372,2.98273255813953,2.92290697674419,2.94,119601100,2.94
2010-11-04,2.91589595375723,2.97557803468208,2.90736994219653,2.95,91017400,2.95
2010-11-05,2.96146551724138,2.97853448275862,2.93586206896552,2.97,118588900,2.97
2010-11-08,2.95738636363636,3.00852272727273,2.94886363636364,3,146423500,3
2010-11-09,3.0141547277937,3.03123209169054,2.97146131805158,2.98,134600200,2.98
2010-11-10,2.98273255813953,2.99127906976744,2.91436046511628,2.94,137357600,2.94
2010-11-11,2.92587896253602,3.01118155619596,2.91734870317003,2.96,138441800,2.96
2010-11-12,2.93228915662651,2.94933734939759,2.81295180722892,2.83,156257500,2.83
2010-11-15,2.83147147147147,2.86558558558559,2.80588588588589,2.84,90589900,2.84
2010-11-16,2.84670769230769,2.84670769230769,2.76147692307692,2.77,80851100,2.77
2010-11-17,2.75559375,2.764125,2.7129375,2.73,78067100,2.73
2010-11-18,2.73146417445483,2.75707165109034,2.71439252336449,2.74,70280400,2.74
2010-11-19,2.73705329153605,2.74557993730408,2.67736677115987,2.72,77293200,2.72
2010-11-22,2.7,2.70851735015773,2.68296529968454,2.7,108494300,2.7
2010-11-23,2.7026282051282,2.7026282051282,2.64294871794872,2.66,75868200,2.66
2010-11-24,2.65727848101266,2.7,2.64873417721519,2.7,47903300,2.7
2010-11-25,2.695875,2.73,2.67028125,2.73,68391300,2.73
2010-11-26,2.71708860759494,2.72563291139241,2.69145569620253,2.7,44832600,2.7
2010-11-29,2.69707006369427,2.69707006369427,2.66292993630573,2.68,47372800,2.68
2010-11-30,2.6841935483871,2.70129032258065,2.6158064516129,2.65,69836200,2.65
2010-12-01,2.65584126984127,2.70707936507937,2.64730158730159,2.69,54795000,2.69
2010-12-02,2.7056050955414,2.7056050955414,2.67146496815287,2.68,50341500,2.68
2010-12-03,2.6870607028754,2.6870607028754,2.6529392971246,2.67,31484900,2.67
2010-12-06,2.68,2.68853503184713,2.6543949044586,2.68,41995900,2.68
2010-12-07,2.68,2.68853503184713,2.64585987261147,2.68,40739300,2.68
2010-12-08,2.68,2.68853503184713,2.66292993630573,2.68,41048800,2.68
2010-12-09,2.67444794952681,2.7596214511041,2.64889589905363,2.7,87666100,2.7
2010-12-10,2.7416717325228,2.81,2.7416717325228,2.81,135942000,2.81
2010-12-13,2.82585074626866,2.86853731343284,2.78316417910448,2.86,131583300,2.86
2010-12-14,2.86899713467049,2.98,2.85191977077364,2.98,180192100,2.98
2010-12-15,2.94537313432836,2.94537313432836,2.84292537313433,2.86,160989900,2.86
2010-12-16,2.85478260869565,2.95704347826087,2.77808695652174,2.94,376719700,2.94
2010-12-17,2.93,2.93,2.93,2.93,0,2.93
2010-12-20,2.93,2.93,2.93,2.93,0,2.93
2010-12-21,2.93,2.93,2.93,2.93,0,2.93
2010-12-22,2.93,2.93,2.93,2.93,0,2.93
2010-12-23,2.77708978328173,2.87108359133127,2.72582043343653,2.76,212808600,2.76
2010-12-24,2.74,2.75707165109034,2.72292834890966,2.74,77490400,2.74
2010-12-27,2.72852664576803,2.7541065830721,2.71147335423198,2.72,86961300,2.72
2010-12-28,2.72704402515723,2.72704402515723,2.71,2.71,55076100,2.71
2010-12-29,2.63,2.6726948051948,2.57876623376623,2.63,265983800,2.63
2010-12-30,2.62419141914191,2.64128712871287,2.58145214521452,2.59,104042700,2.59
2010-12-31,2.58441176470588,2.61852941176471,2.57588235294118,2.61,132017400,2.61
2011-01-04,2.60852459016393,2.61704918032787,2.5744262295082,2.6,112542400,2.6
2011-01-05,2.59708609271523,2.60562913907285,2.56291390728477,2.58,138901700,2.58
2011-01-06,2.58,2.58854304635762,2.57145695364238,2.58,78300900,2.58
2011-01-07,2.58145214521452,2.60709570957096,2.57290429042904,2.59,84682400,2.59
2011-01-10,2.5856,2.59413333333333,2.56,2.56,67429700,2.56
2011-01-12,2.59,2.59,2.57290429042904,2.59,58381600,2.59
2011-01-13,2.58854304635762,2.58854304635762,2.57145695364238,2.58,41985800,2.58
2011-01-14,2.58707641196013,2.58707641196013,2.55292358803987,2.57,79275200,2.57
2011-01-17,2.5551724137931,2.5551724137931,2.47,2.47,90700600,2.47
2011-01-18,2.47854671280277,2.47854671280277,2.43581314878893,2.47,47604600,2.47
2011-01-19,2.46295532646048,2.48852233676976,2.45443298969072,2.48,59614000,2.48
2011-01-20,2.48852233676976,2.54817869415808,2.48,2.48,118937400,2.48
2011-01-21,2.50146258503401,2.51853741496599,2.46731292517007,2.51,61866600,2.51
2011-01-24,2.51273356401384,2.52128027681661,2.46145328719723,2.47,80161700,2.47
2011-01-25,2.46295532646048,2.48852233676976,2.45443298969072,2.48,49037100,2.48
2011-01-26,2.48583050847458,2.52854237288136,2.47728813559322,2.52,81901400,2.52
2011-01-27,2.49437288135593,2.52,2.48583050847458,2.52,69701600,2.52
2011-01-28,2.50853242320819,2.50853242320819,2.48293515358362,2.5,43722000,2.5
2011-01-31,2.50146258503401,2.52707482993197,2.49292517006803,2.51,48115600,2.51
2011-02-01,2.51,2.51853741496599,2.49292517006803,2.51,30878000,2.51
2011-02-09,2.49704467353952,2.49704467353952,2.47147766323024,2.48,40600700,2.48
2011-02-10,2.48438775510204,2.51,2.47585034013605,2.51,49573900,2.51
2011-02-11,2.5088,2.56,2.49173333333333,2.56,97573200,2.56
2011-02-14,2.54885245901639,2.61704918032787,2.54032786885246,2.6,120508100,2.6
2011-02-15,2.60709570957096,2.62419141914191,2.59,2.59,99300700,2.59
2011-02-16,2.58148026315789,2.59,2.56444078947368,2.59,62880000,2.59
2011-02-17,2.58707641196013,2.5956146179402,2.56146179401993,2.57,67961800,2.57
2011-02-18,2.56557046979866,2.56557046979866,2.53147651006711,2.54,85582400,2.54
2011-02-21,2.53871287128713,2.59854785478548,2.53016501650165,2.59,77750500,2.59
2011-02-22,2.57259259259259,2.57259259259259,2.52148148148148,2.53,85958200,2.53
2011-02-23,2.5385472972973,2.54709459459459,2.5214527027027,2.53,50956100,2.53
2011-02-24,2.5385472972973,2.5385472972973,2.51290540540541,2.53,48981300,2.53
2011-02-25,2.51442953020134,2.54852348993289,2.50590604026846,2.54,48052900,2.54
2011-02-28,2.53851851851852,2.54703703703704,2.51296296296296,2.53,48439800,2.53
2011-03-01,2.54726072607261,2.60709570957096,2.53871287128713,2.59,121165400,2.59
2011-03-02,2.56,2.56853333333333,2.54293333333333,2.56,76359500,2.56
2011-03-03,2.55704697986577,2.56557046979866,2.54,2.54,67853100,2.54
2011-03-04,2.5443853820598,2.57,2.53584717607973,2.57,59556300,2.57
2011-03-07,2.56590163934426,2.60852459016393,2.55737704918033,2.6,153320300,2.6
2011-03-08,2.59,2.59851973684211,2.57296052631579,2.59,80936700,2.59
2011-03-09,2.59,2.60703947368421,2.58148026315789,2.59,79313800,2.59
2011-03-10,2.59854785478548,2.61564356435644,2.58145214521452,2.59,94938200,2.59
2011-03-11,2.57706666666667,2.59413333333333,2.55146666666667,2.56,79578500,2.56
2011-03-14,2.57,2.58707641196013,2.56146179401993,2.57,55527200,2.57
2011-03-15,2.56407407407407,2.56407407407407,2.49592592592593,2.53,98373100,2.53
2011-03-16,2.53294314381271,2.55,2.51588628762542,2.55,62350900,2.55
2011-03-17,2.54032786885246,2.66819672131148,2.51475409836066,2.6,289976300,2.6
2011-03-18,2.60709570957096,2.61564356435644,2.57290429042904,2.59,75018100,2.59
2011-03-21,2.5956146179402,2.60415282392027,2.55292358803987,2.57,64273600,2.57
2011-03-22,2.57,2.57853820598007,2.55292358803987,2.57,65864500,2.57
2011-03-23,2.56879478827362,2.64560260586319,2.55172638436482,2.62,173875800,2.62
2011-03-24,2.61,2.64411764705882,2.60147058823529,2.61,91400100,2.61
2011-03-25,2.6114657980456,2.6285342019544,2.59439739413681,2.62,72441900,2.62
2011-03-28,2.61436893203884,2.66563106796117,2.61436893203884,2.64,125391900,2.64
2011-03-29,2.6358785942492,2.7041214057508,2.6358785942492,2.67,180367600,2.67
2011-03-30,2.67417475728155,2.69126213592233,2.63145631067961,2.64,120226400,2.64
2011-03-31,2.64411764705882,2.66117647058824,2.60147058823529,2.61,63360300,2.61
2011-04-01,2.62,2.62,2.59439739413681,2.62,65748800,2.62
2011-04-06,2.60739549839228,2.66704180064309,2.59887459807074,2.65,95572400,2.65
2011-04-07,2.65708737864078,2.66563106796117,2.61436893203884,2.64,89221000,2.64
2011-04-08,2.62589743589744,2.66852564102564,2.61737179487179,2.66,116715400,2.66
2011-04-11,2.66438095238095,2.70707936507937,2.6387619047619,2.69,191447700,2.69
2011-04-12,2.6861963190184,2.83116564417178,2.66914110429448,2.78,469126800,2.78
2011-04-13,2.75441717791411,2.81411042944785,2.72883435582822,2.78,224411100,2.78
2011-04-14,2.78555555555556,2.81111111111111,2.74296296296296,2.76,203867300,2.76
2011-04-15,2.75148148148148,2.78555555555556,2.70888888888889,2.76,150145300,2.76
2011-04-18,2.76872727272727,2.87981818181818,2.76872727272727,2.82,259442100,2.82
2011-04-19,2.81111111111111,2.81111111111111,2.74296296296296,2.76,138282000,2.76
2011-04-21,2.78704615384615,2.80409230769231,2.75295384615385,2.77,89242700,2.77
2011-04-22,2.77293577981651,2.80706422018349,2.73880733944954,2.79,102406300,2.79
2011-04-25,2.77968652037618,2.7882131661442,2.71147335423198,2.72,110650200,2.72
2011-04-26,2.71147335423198,2.7541065830721,2.70294670846395,2.72,124305700,2.72
2011-04-27,2.73146417445483,2.78267912772586,2.71439252336449,2.74,114043500,2.74
2011-04-28,2.75831746031746,2.77539682539683,2.67292063492063,2.69,87191200,2.69
2011-04-29,2.68208333333333,2.96395833333333,2.68208333333333,2.87,358492900,2.87
2011-05-03,2.85735294117647,2.94264705882353,2.82323529411765,2.9,366023800,2.9
2011-05-04,2.88,2.95668639053254,2.85443786982249,2.88,259011100,2.88
2011-05-06,2.8758651026393,2.95266862170088,2.84173020527859,2.91,196926700,2.91
2011-05-09,2.94,2.97418604651163,2.90581395348837,2.94,190495000,2.94
2011-05-10,2.97418604651163,2.97418604651163,2.88872093023256,2.94,157602400,2.94
2011-05-11,2.92125,2.92979166666667,2.85291666666667,2.87,126095200,2.87
2011-05-12,2.85443786982249,2.9396449704142,2.83739644970414,2.88,142013700,2.88
2011-05-13,2.88114457831325,2.88114457831325,2.78737951807229,2.83,138289800,2.83
2011-05-16,2.83709090909091,2.84563636363636,2.80290909090909,2.82,75172900,2.82
2011-05-17,2.81854103343465,2.83562310030395,2.7587537993921,2.81,91140200,2.81
2011-05-18,2.80442771084337,2.83852409638554,2.77885542168675,2.83,63717600,2.83
2011-05-19,2.83116564417178,2.83116564417178,2.76294478527607,2.78,104588900,2.78
2011-05-20,2.77562111801242,2.78416149068323,2.74145962732919,2.75,63540400,2.75
2011-05-23,2.7467731629393,2.7638338658147,2.6614696485623,2.67,85188400,2.67
2011-05-24,2.66438095238095,2.69,2.65584126984127,2.69,51834600,2.69
2011-05-25,2.67973941368078,2.67973941368078,2.60293159609121,2.62,66476300,2.62
2011-05-26,2.62,2.66267100977199,2.6114657980456,2.62,49893500,2.62
2011-05-27,2.62407894736842,2.64111842105263,2.59,2.59,46287400,2.59
2011-05-30,2.59147540983607,2.60852459016393,2.55737704918033,2.6,43829100,2.6
2011-05-31,2.64145161290323,2.65854838709677,2.6158064516129,2.65,64235400,2.65
2011-06-01,2.64262295081967,2.64262295081967,2.58295081967213,2.6,75114100,2.6
2011-06-02,2.5856,2.59413333333333,2.55146666666667,2.56,70389100,2.56
2011-06-03,2.56291390728477,2.58854304635762,2.55437086092715,2.58,62775300,2.58
2011-06-07,2.58145214521452,2.59,2.57290429042904,2.59,44819700,2.59
2011-06-08,2.58873786407767,2.64854368932039,2.54601941747573,2.64,74350900,2.64
2011-06-09,2.6212292358804,2.62976744186047,2.56146179401993,2.57,50126000,2.57
2011-06-10,2.58295081967213,2.60852459016393,2.56590163934426,2.6,49181200,2.6
2011-06-13,2.61,2.61878787878788,2.58363636363636,2.61,37676700,2.61
2011-06-14,2.61240802675585,2.63879598662207,2.59481605351171,2.63,67774600,2.63
2011-06-15,2.62635135135135,2.63513513513514,2.59121621621622,2.6,36031700,2.6
2011-06-16,2.58877551020408,2.59755102040816,2.57122448979592,2.58,32315900,2.58
2011-06-17,2.58880546075085,2.60641638225256,2.57119453924915,2.58,32802700,2.58
2011-06-20,2.57515570934256,2.57515570934256,2.51363321799308,2.54,50211300,2.54
2011-06-21,2.55239726027397,2.57,2.52599315068493,2.57,38159800,2.57
2011-06-22,2.56758620689655,2.56758620689655,2.53241379310345,2.55,25811500,2.55
2011-06-23,2.54489795918367,2.58877551020408,2.50979591836735,2.58,76619000,2.58
2011-06-24,2.56842809364548,2.65638795986622,2.55963210702341,2.63,92381800,2.63
2011-06-27,2.60241610738255,2.64637583892617,2.60241610738255,2.62,51321500,2.62
2011-06-28,2.61878787878788,2.61878787878788,2.59242424242424,2.61,35647400,2.61
2011-06-29,2.6075593220339,2.61633898305085,2.58122033898305,2.59,38201300,2.59
2011-06-30,2.59121621621622,2.61756756756757,2.59121621621622,2.6,58101700,2.6
2011-07-01,2.59877966101695,2.6075593220339,2.58122033898305,2.59,53526400,2.59
2011-07-04,2.60361204013378,2.63879598662207,2.59481605351171,2.63,85314100,2.63
2011-07-05,2.63,2.65638795986622,2.60361204013378,2.63,75502000,2.63
2011-07-06,2.62120401337793,2.64759197324415,2.57722408026756,2.63,104427600,2.63
2011-07-07,2.61633898305085,2.61633898305085,2.58122033898305,2.59,62865100,2.59
2011-07-08,2.59877966101695,2.59877966101695,2.5724406779661,2.59,39631000,2.59
2011-07-11,2.58,2.58877551020408,2.56244897959184,2.58,47082800,2.58
2011-07-12,2.57759450171821,2.58639175257732,2.55120274914089,2.56,50343200,2.56
2011-07-13,2.56238907849829,2.58880546075085,2.55358361774744,2.58,50465100,2.58
2011-07-14,2.58,2.58880546075085,2.55358361774744,2.58,60984900,2.58
2011-07-15,2.56244897959184,2.58,2.54489795918367,2.58,88503000,2.58
2011-07-18,2.5724406779661,2.6075593220339,2.5548813559322,2.59,93145700,2.59
2011-07-19,2.58,2.59755102040816,2.55367346938776,2.58,56630400,2.58
2011-07-20,2.58639175257732,2.59518900343643,2.55120274914089,2.56,57864200,2.56
2011-07-21,2.55635416666667,2.56513888888889,2.52121527777778,2.53,83282900,2.53
2011-07-22,2.53,2.54756944444444,2.52121527777778,2.53,27551900,2.53
2011-07-25,2.52903225806452,2.52903225806452,2.43243727598566,2.45,111720200,2.45
2011-07-26,2.44,2.45755395683453,2.40489208633094,2.44,79706400,2.44
2011-07-27,2.44,2.44,2.41357400722022,2.44,66803800,2.44
2011-07-28,2.41879562043796,2.41879562043796,2.39240875912409,2.41,72009900,2.41
2011-07-29,2.40120437956204,2.41,2.38361313868613,2.41,41306600,2.41
2011-08-01,2.40358695652174,2.43880434782609,2.39478260869565,2.43,54023200,2.43
2011-08-02,2.41758241758242,2.42637362637363,2.37362637362637,2.4,46370500,2.4
2011-08-03,2.38241758241758,2.40879120879121,2.37362637362637,2.4,50779600,2.4
2011-08-04,2.39756457564576,2.39756457564576,2.37121771217712,2.38,46298800,2.38
2011-08-05,2.33634980988593,2.33634980988593,2.29243346007605,2.31,56781700,2.31
2011-08-08,2.28924302788845,2.28924302788845,2.13075697211155,2.21,99431300,2.21
2011-08-09,2.14364372469636,2.17878542510121,2.09971659919028,2.17,93505500,2.17
2011-08-10,2.19758064516129,2.20637096774194,2.17120967741935,2.18,63604900,2.18
2011-08-11,2.1472,2.2,2.1296,2.2,68752600,2.2
2011-08-12,2.21603112840467,2.29517509727626,2.2072373540856,2.26,102026600,2.26
2011-08-15,2.26,2.26,2.22482490272374,2.26,56520500,2.26
2011-08-16,2.25633858267717,2.26511811023622,2.22122047244094,2.23,41508300,2.23
2011-08-17,2.22122047244094,2.24755905511811,2.21244094488189,2.23,41437800,2.23
2011-08-18,2.23274193548387,2.23274193548387,2.18,2.18,49908000,2.18
2011-08-19,2.12367346938775,2.15877551020408,2.10612244897959,2.15,52481700,2.15
2011-08-22,2.14483870967742,2.19758064516129,2.13604838709677,2.18,50956100,2.18
2011-08-23,2.1824,2.2,2.1648,2.2,25802300,2.2
2011-08-24,2.19635627530364,2.20514170040486,2.16121457489879,2.17,28025300,2.17
2011-08-25,2.16735177865613,2.22877470355731,2.1498023715415,2.22,52857000,2.22
2011-08-26,2.21119047619048,2.22880952380952,2.20238095238095,2.22,29279500,2.22
2011-08-29,2.21638554216867,2.21638554216867,2.18120481927711,2.19,25592700,2.19
2011-08-30,2.19879518072289,2.22518072289157,2.18120481927711,2.19,31074000,2.19
2011-08-31,2.18120481927711,2.20759036144578,2.17240963855422,2.19,30324800,2.19
2011-09-01,2.19758064516129,2.20637096774194,2.18,2.18,27133800,2.18
2011-09-02,2.17632653061224,2.18510204081633,2.13244897959184,2.15,30198600,2.15
2011-09-05,2.14639004149378,2.14639004149378,2.10240663900415,2.12,35534600,2.12
2011-09-06,2.10240663900415,2.12879668049793,2.09360995850622,2.12,22845100,2.12
2011-09-07,2.12367346938775,2.15877551020408,2.10612244897959,2.15,32237500,2.15
2011-09-08,2.16641975308642,2.16641975308642,2.13119341563786,2.14,26106000,2.14
2011-09-09,2.14,2.16641975308642,2.14,2.14,20939000,2.14
2011-09-13,2.12238683127572,2.14,2.08716049382716,2.14,42750400,2.14
2011-09-14,2.13119341563786,2.14,2.10477366255144,2.14,31142000,2.14
2011-09-15,2.13759336099585,2.13759336099585,2.11120331950207,2.12,18863300,2.12
2011-09-16,2.13,2.14760330578512,2.12119834710744,2.13,20792300,2.13
2011-09-19,2.11634453781513,2.11634453781513,2.09,2.09,24636900,2.09
2011-09-20,2.09121338912134,2.10878661087866,2.09121338912134,2.1,19069300,2.1
2011-09-21,2.11475409836066,2.15,2.09713114754098,2.15,53910900,2.15
2011-09-22,2.12635983263598,2.13514644351464,2.1,2.1,29807700,2.1
2011-09-23,2.08242677824268,2.10878661087866,2.07364016736402,2.1,31943100,2.1
2011-09-27,2.09878151260504,2.10756302521008,2.06365546218487,2.09,38005200,2.09
2011-09-28,2.10401709401709,2.12162393162393,2.05119658119658,2.06,40647800,2.06
2011-09-29,2.05636363636364,2.06515151515151,2.01242424242424,2.03,40989800,2.03
2011-09-30,2.0352422907489,2.04405286343612,2,2,46051200,2
2011-10-10,2.0064,2.0152,1.9712,1.98,32744800,1.98
2011-10-11,2.01641592920354,2.02522123893805,1.97238938053097,1.99,39258900,1.99
2011-10-12,1.98724137931034,2.05758620689655,1.96965517241379,2.04,64488300,2.04
2011-10-13,2.03358974358974,2.09521367521368,2.02478632478632,2.06,60673800,2.06
2011-10-14,2.0523829787234,2.0788085106383,2.03476595744681,2.07,37893900,2.07
2011-10-17,2.06,2.09521367521368,2.04239316239316,2.06,46943500,2.06
2011-10-18,2.04634782608696,2.04634782608696,2.01121739130435,2.02,34887200,2.02
2011-10-19,2.02,2.0375652173913,2.0024347826087,2.02,23133000,2.02
2011-10-20,2.01641592920354,2.02522123893805,1.98119469026549,1.99,38581800,1.99
2011-10-21,1.98366812227074,2.01,1.98366812227074,2.01,26340900,2.01
2011-10-24,2.0048275862069,2.04,1.99603448275862,2.04,26562000,2.04
2011-10-25,2.03476595744681,2.0876170212766,2.02595744680851,2.07,60624700,2.07
2011-10-26,2.04489451476793,2.10632911392405,2.04489451476793,2.08,86936300,2.08
2011-10-27,2.08975609756098,2.21268292682927,2.07219512195122,2.16,164292300,2.16
2011-10-28,2.17120967741935,2.21516129032258,2.16241935483871,2.18,53223500,2.18
2011-10-31,2.16854330708661,2.26511811023622,2.1509842519685,2.23,92305200,2.23
2011-11-01,2.20957528957529,2.31521235521235,2.2007722007722,2.28,129175700,2.28
2011-11-02,2.24969696969697,2.33757575757576,2.23212121212121,2.32,98922100,2.32
2011-11-03,2.32401544401544,2.34162162162162,2.28,2.28,66982600,2.28
2011-11-04,2.28759689922481,2.31399224806202,2.2612015503876,2.27,46078100,2.27
2011-11-07,2.27,2.28759689922481,2.25240310077519,2.27,38650100,2.27
2011-11-08,2.27606060606061,2.34636363636364,2.25848484848485,2.32,84791100,2.32
2011-11-09,2.32,2.35515151515151,2.28484848484848,2.32,64043600,2.32
2011-11-10,2.29877394636015,2.32509578544061,2.26367816091954,2.29,51758700,2.29
2011-11-11,2.29363636363636,2.32878787878788,2.27606060606061,2.32,44417100,2.32
2011-11-14,2.35244444444444,2.37877777777778,2.34366666666667,2.37,65813700,2.37
2011-11-15,2.376,2.4376,2.376,2.42,102812000,2.42
2011-11-17,2.34487084870849,2.41512915129151,2.32730627306273,2.38,94939700,2.38
2011-11-18,2.37683397683398,2.37683397683398,2.26239382239382,2.28,53270900,2.28
2011-11-21,2.2736641221374,2.3087786259542,2.24732824427481,2.3,53007200,2.3
2011-11-22,2.29951672862454,2.38762081784387,2.27308550185874,2.37,103548000,2.37
2011-11-23,2.37242647058824,2.43393382352941,2.35485294117647,2.39,97240600,2.39
2011-11-24,2.376,2.4376,2.3584,2.42,68534200,2.42
2011-11-25,2.4228624535316,2.46691449814126,2.3435687732342,2.37,76276800,2.37
2011-11-28,2.35515151515151,2.38151515151515,2.29363636363636,2.32,63931700,2.32
2011-11-29,2.34119850187266,2.36760299625468,2.31479400749064,2.35,42819200,2.35
2011-11-30,2.34636363636364,2.37272727272727,2.27606060606061,2.32,67034100,2.32
2011-12-01,2.37807692307692,2.4045,2.27238461538462,2.29,137316200,2.29
2011-12-02,2.26790322580645,2.2766935483871,2.17120967741935,2.18,74797000,2.18
2011-12-05,2.18634146341463,2.19512195121951,2.10731707317073,2.16,56136700,2.16
2011-12-06,2.16762295081967,2.17643442622951,2.13237704918033,2.15,28409000,2.15
2011-12-07,2.13365853658537,2.17756097560976,2.12487804878049,2.16,30437300,2.16
2011-12-08,2.156,2.2264,2.156,2.2,39064800,2.2
2011-12-09,2.18490118577075,2.23754940711462,2.17612648221344,2.22,29919800,2.22
2011-12-12,2.2236328125,2.28515625,2.197265625,2.25,41024800,2.25
2011-12-13,2.2412109375,2.2763671875,2.232421875,2.25,53045500,2.25
2011-12-14,2.22858237547893,2.33386973180077,2.21980842911877,2.29,46760600,2.29
2011-12-15,2.27486692015209,2.33634980988593,2.26608365019011,2.31,81476300,2.31
2011-12-16,2.31,2.31,2.31,2.31,0,2.31
2011-12-19,2.3171375464684,2.38762081784387,2.29951672862454,2.37,115995900,2.37
2011-12-20,2.36122222222222,2.41388888888889,2.35244444444444,2.37,64186700,2.37
2011-12-21,2.37518796992481,2.41037593984962,2.3312030075188,2.34,56090000,2.34
2011-12-22,2.33239700374532,2.36760299625468,2.32359550561798,2.35,57710500,2.35
2011-12-23,2.35076086956522,2.48282608695652,2.35076086956522,2.43,135743400,2.43
2011-12-26,2.4136690647482,2.47510791366906,2.40489208633094,2.44,85841900,2.44
2011-12-27,2.44272058823529,2.48665441176471,2.38121323529412,2.39,46086700,2.39
2011-12-28,2.37242647058824,2.43393382352941,2.36363970588235,2.39,33172500,2.39
2011-12-29,2.39595667870036,2.46642599277978,2.38714801444043,2.44,41116500,2.44
2011-12-30,2.44121863799283,2.47634408602151,2.43243727598566,2.45,56716900,2.45
2012-01-02,2.44121863799283,2.47634408602151,2.43243727598566,2.45,56716900,2.45
2012-01-03,2.44121863799283,2.47634408602151,2.43243727598566,2.45,56716900,2.45
2012-01-04,2.45641304347826,2.48282608695652,2.42119565217391,2.43,39596500,2.43
2012-01-05,2.43801498127341,2.43801498127341,2.33239700374532,2.35,40679100,2.35
2012-01-06,2.32730627306273,2.40634686346863,2.32730627306273,2.38,44801500,2.38
2012-01-09,2.37856115107914,2.44877697841727,2.3610071942446,2.44,45551100,2.44
2012-01-10,2.44362989323843,2.47,2.37330960854093,2.47,106269400,2.47
2012-01-11,2.45641304347826,2.45641304347826,2.40358695652174,2.43,78157200,2.43
2012-01-12,2.41879562043796,2.47156934306569,2.40120437956204,2.41,47035600,2.41
2012-01-13,2.41758241758242,2.41758241758242,2.34725274725275,2.4,47164600,2.4
2012-01-16,2.4,2.4,2.4,2.4,0,2.4
2012-01-17,2.39611510791367,2.45755395683453,2.3610071942446,2.44,75366200,2.44
2012-01-18,2.43122302158273,2.51021582733813,2.42244604316547,2.44,90879300,2.44
2012-01-19,2.45241992882562,2.50516014234875,2.43483985765125,2.47,59978800,2.47
2012-01-20,2.47757142857143,2.48635714285714,2.45121428571429,2.46,40835400,2.46
2012-01-23,2.46,2.46,2.46,2.46,0,2.46
2012-01-24,2.46,2.46,2.46,2.46,0,2.46
2012-01-25,2.46,2.46,2.46,2.46,0,2.46
2012-01-26,2.46,2.46,2.46,2.46,0,2.46
2012-01-27,2.46,2.46,2.46,2.46,0,2.46
2012-01-30,2.47523465703971,2.48404332129964,2.43119133574007,2.44,28416000,2.44
2012-01-31,2.44880866425993,2.45761732851986,2.42238267148014,2.44,36017300,2.44
2012-02-01,2.4288,2.4464,2.4024,2.42,30488900,2.42
2012-02-02,2.42,2.4288,2.3672,2.42,73382800,2.42
2012-02-03,2.4112,2.4288,2.376,2.42,62064400,2.42
2012-02-06,2.40879120879121,2.42637362637363,2.4,2.4,39182200,2.4
2012-02-07,2.39522388059701,2.39522388059701,2.34238805970149,2.36,58689400,2.36
2012-02-08,2.34725274725275,2.40879120879121,2.33846153846154,2.4,37160600,2.4
2012-02-09,2.4,2.42637362637363,2.38241758241758,2.4,32602800,2.4
2012-02-10,2.38755555555556,2.39633333333333,2.35244444444444,2.37,47276200,2.37
2012-02-13,2.35244444444444,2.38755555555556,2.34366666666667,2.37,38691800,2.37
2012-02-14,2.36760299625468,2.38520599250936,2.33239700374532,2.35,65705600,2.35
2012-02-15,2.35119402985075,2.36880597014925,2.32477611940298,2.36,47754500,2.36
2012-02-16,2.35365313653137,2.39756457564576,2.32730627306273,2.38,102208600,2.38
2012-02-17,2.38641791044776,2.38641791044776,2.34238805970149,2.36,39502900,2.36
2012-02-20,2.38641791044776,2.38641791044776,2.36,2.36,21317100,2.36
2012-02-21,2.36118959107807,2.37881040892193,2.33475836431227,2.37,30956100,2.37
2012-02-22,2.36122222222222,2.37,2.33488888888889,2.37,53449000,2.37
2012-02-23,2.36122222222222,2.37,2.35244444444444,2.37,39124100,2.37
2012-02-24,2.37121771217712,2.38,2.34487084870849,2.38,67080800,2.38
2012-02-27,2.3848,2.4464,2.376,2.42,129947500,2.42
2012-02-28,2.42119565217391,2.43880434782609,2.39478260869565,2.43,60531900,2.43
2012-02-29,2.43,2.47402173913044,2.41239130434783,2.43,117502700,2.43
2012-03-01,2.42365591397849,2.45878136200717,2.41487455197133,2.45,60757800,2.45
2012-03-02,2.45121428571429,2.46,2.44242857142857,2.46,55810300,2.46
2012-03-05,2.464,2.464,2.4024,2.42,66553300,2.42
2012-03-06,2.40757352941176,2.41636029411765,2.38121323529412,2.39,39318300,2.39
2012-03-07,2.37121771217712,2.40634686346863,2.36243542435424,2.38,32755700,2.38
2012-03-08,2.38121323529412,2.39878676470588,2.38121323529412,2.39,31795200,2.39
2012-03-09,2.3936,2.42,2.3848,2.42,56235400,2.42
2012-03-12,2.39756457564576,2.41512915129151,2.36243542435424,2.38,46970800,2.38
2012-03-13,2.38,2.40634686346863,2.36243542435424,2.38,66765200,2.38
2012-03-14,2.39030303030303,2.39909090909091,2.32,2.32,113674900,2.32
2012-03-15,2.32155642023346,2.33035019455253,2.2336186770428,2.26,105431200,2.26
2012-03-16,2.24478764478764,2.28880308880309,2.23598455598456,2.28,66865900,2.28
2012-03-19,2.27119691119691,2.29760617760618,2.24478764478764,2.28,65578800,2.28
2012-03-20,2.28119230769231,2.32523076923077,2.27238461538462,2.29,77846800,2.29
2012-03-21,2.29760617760618,2.29760617760618,2.25359073359073,2.28,24811600,2.28
2012-03-22,2.28,2.28,2.25359073359073,2.28,25437500,2.28
2012-03-23,2.26635294117647,2.26635294117647,2.23121568627451,2.24,32746300,2.24
2012-03-26,2.24632411067194,2.25509881422925,2.21122529644269,2.22,31085700,2.22
2012-03-27,2.22877470355731,2.22877470355731,2.21122529644269,2.22,21608100,2.22
2012-03-28,2.21638554216867,2.22518072289157,2.17240963855422,2.19,37657600,2.19
2012-03-29,2.18490118577075,2.22877470355731,2.17612648221344,2.22,38316300,2.22
2012-03-30,2.22600775193798,2.2787984496124,2.21720930232558,2.27,58032500,2.27
2012-04-02,2.27,2.27,2.27,2.27,0,2.27
2012-04-03,2.27,2.27,2.27,2.27,0,2.27
2012-04-04,2.27,2.27,2.27,2.27,0,2.27
2012-04-05,2.26,2.26879377431907,2.2336186770428,2.26,56826200,2.26
2012-04-06,2.2587890625,2.2587890625,2.232421875,2.25,34988900,2.25
2012-04-09,2.25,2.2939453125,2.232421875,2.25,52758800,2.25
2012-04-10,2.25120622568093,2.26879377431907,2.21603112840467,2.26,35662100,2.26
2012-04-11,2.24360465116279,2.28759689922481,2.23480620155039,2.27,39994400,2.27
2012-04-12,2.27238461538462,2.29,2.25476923076923,2.29,38186400,2.29
2012-04-13,2.28,2.29760617760618,2.27119691119691,2.28,37831700,2.28
2012-04-16,2.27,2.2787984496124,2.25240310077519,2.27,22722000,2.27
2012-04-17,2.26635294117647,2.26635294117647,2.23121568627451,2.24,25317600,2.24
2012-04-18,2.25359073359073,2.29760617760618,2.24478764478764,2.28,51374400,2.28
2012-04-19,2.28,2.28,2.28,2.28,0,2.28
2012-04-20,2.26367816091954,2.29,2.25490421455939,2.29,66802700,2.29
2012-04-23,2.29,2.30761538461538,2.28119230769231,2.29,49780900,2.29
2012-04-24,2.27758754863813,2.30396887159533,2.2336186770428,2.26,69290800,2.26
2012-04-25,2.2587890625,2.267578125,2.2412109375,2.25,59743400,2.25
2012-04-26,2.2587890625,2.2587890625,2.2412109375,2.25,36261800,2.25
2012-04-27,2.25240310077519,2.2787984496124,2.24360465116279,2.27,48081500,2.27
2012-04-30,2.27,2.27,2.27,2.27,0,2.27
2012-05-01,2.27,2.27,2.27,2.27,0,2.27
2012-05-02,2.27238461538462,2.29,2.26357692307692,2.29,80475100,2.29
2012-05-03,2.2787984496124,2.30519379844961,2.2612015503876,2.27,73367900,2.27
2012-05-04,2.27758754863813,2.2863813229572,2.26,2.26,46067500,2.26
2012-05-07,2.25730038022814,2.31,2.25730038022814,2.31,73786800,2.31
2012-05-08,2.30242424242424,2.32878787878788,2.29363636363636,2.32,69890200,2.32
2012-05-09,2.31642307692308,2.32523076923077,2.29,2.29,52962900,2.29
2012-05-10,2.28122605363985,2.30754789272031,2.28122605363985,2.29,26927200,2.29
2012-05-11,2.28880308880309,2.30640926640927,2.28,2.28,29030700,2.28
2012-05-14,2.28759689922481,2.29639534883721,2.2612015503876,2.27,31088400,2.27
2012-05-15,2.25756862745098,2.26635294117647,2.22243137254902,2.24,29893900,2.24
2012-05-16,2.23754940711462,2.25509881422925,2.22,2.22,25336700,2.22
2012-05-17,2.22718146718147,2.28,2.22718146718147,2.28,26810100,2.28
2012-05-18,2.26239382239382,2.28880308880309,2.24478764478764,2.28,36645200,2.28
2012-05-21,2.27,2.28759689922481,2.2612015503876,2.27,15008300,2.27
2012-05-22,2.27,2.2787984496124,2.2612015503876,2.27,11356800,2.27
2012-05-23,2.27513725490196,2.27513725490196,2.24,2.24,22130900,2.24
2012-05-24,2.23754940711462,2.24632411067194,2.22,2.22,24206800,2.22
2012-05-25,2.22,2.22877470355731,2.20245059288538,2.22,20444400,2.22
2012-05-28,2.20366141732283,2.23,2.19488188976378,2.23,38104800,2.23
2012-05-29,2.23121568627451,2.24878431372549,2.22243137254902,2.24,29333900,2.24
2012-05-30,2.23877952755905,2.23877952755905,2.22122047244094,2.23,21626000,2.23
2012-05-31,2.22880952380952,2.23761904761905,2.21119047619048,2.22,27244700,2.22
2012-06-01,2.21244094488189,2.23877952755905,2.20366141732283,2.23,39159200,2.23
2012-06-04,2.2176,2.2176,2.1824,2.2,33424600,2.2
2012-06-05,2.17850980392157,2.30149019607843,2.17850980392157,2.24,76515500,2.24
2012-06-06,2.25359073359073,2.29760617760618,2.25359073359073,2.28,59615100,2.28
2012-06-07,2.28122605363985,2.29877394636015,2.27245210727969,2.29,45511600,2.29
2012-06-08,2.29363636363636,2.33757575757576,2.28484848484848,2.32,85617000,2.32
2012-06-11,2.32,2.33757575757576,2.31121212121212,2.32,61106800,2.32
2012-06-12,2.3208984375,2.3391015625,2.29359375,2.33,35460200,2.33
2012-06-13,2.31992481203007,2.4290977443609,2.31992481203007,2.42,163285000,2.42
2012-06-14,2.41641025641026,2.55267399267399,2.40732600732601,2.48,221357500,2.48
2012-06-15,2.49908759124088,2.5263503649635,2.46273722627737,2.49,77872400,2.49
2012-06-18,2.48091240875912,2.51726277372263,2.46273722627737,2.49,79590300,2.49
2012-06-19,2.49,2.50817518248175,2.47182481751825,2.49,67071500,2.49
2012-06-20,2.49823529411765,2.51647058823529,2.47088235294118,2.48,66039300,2.48
2012-06-21,2.47,2.49734317343173,2.45177121771218,2.47,36025800,2.47
2012-06-22,2.47,2.47,2.47,2.47,0,2.47
2012-06-25,2.46088560885609,2.49734317343173,2.45177121771218,2.47,37046200,2.47
2012-06-26,2.45910780669145,2.4682156133829,2.4317843866171,2.45,38595700,2.45
2012-06-27,2.44352941176471,2.48911764705882,2.42529411764706,2.48,42591000,2.48
2012-06-28,2.47822222222222,2.48733333333333,2.44177777777778,2.46,28726100,2.46
2012-06-29,2.45088888888889,2.47822222222222,2.44177777777778,2.46,29103300,2.46
2012-07-02,2.45820895522388,2.45820895522388,2.42179104477612,2.44,47819400,2.44
2012-07-03,2.43636363636364,2.44545454545455,2.39090909090909,2.4,29296800,2.4
2012-07-04,2.3981679389313,2.3981679389313,2.3436641221374,2.38,37781400,2.38
2012-07-05,2.3618320610687,2.38,2.35274809160305,2.38,16028700,2.38
2012-07-06,2.38271698113208,2.41909433962264,2.38271698113208,2.41,28322600,2.41
2012-07-09,2.41531365313653,2.52468634686347,2.39708487084871,2.47,112169000,2.47
2012-07-10,2.4536496350365,2.50817518248175,2.4536496350365,2.49,126400500,2.49
2012-07-11,2.50817518248175,2.55361313868613,2.48091240875912,2.49,115070600,2.49
2012-07-12,2.49462686567164,2.50373134328358,2.44,2.44,53559600,2.44
2012-07-13,2.44,2.46731343283582,2.41268656716418,2.44,30718800,2.44
2012-07-16,2.44177777777778,2.48733333333333,2.42355555555556,2.46,32906200,2.46
2012-07-17,2.45547169811321,2.46456603773585,2.41,2.41,28385900,2.41
2012-07-18,2.46363636363636,2.55454545454545,2.46363636363636,2.5,113995100,2.5
2012-07-19,2.49908759124088,2.50817518248175,2.46273722627737,2.49,36925800,2.49
2012-07-20,2.49090909090909,2.5,2.47272727272727,2.5,26477300,2.5
2012-07-23,2.48181818181818,2.50909090909091,2.47272727272727,2.5,25829800,2.5
2012-07-24,2.49908759124088,2.50817518248175,2.47182481751825,2.49,23504800,2.49
2012-07-25,2.47911439114391,2.50645756457565,2.47,2.47,10638300,2.47
2012-07-26,2.46640449438202,2.48460674157303,2.41179775280899,2.43,31930000,2.43
2012-07-27,2.42727272727273,2.44545454545455,2.4,2.4,30105200,2.4
2012-07-30,2.39908745247148,2.41726235741445,2.36273764258555,2.39,19717900,2.39
2012-07-31,2.3981679389313,2.3981679389313,2.3618320610687,2.38,17242100,2.38
2012-08-01,2.38537313432836,2.45820895522388,2.38537313432836,2.44,31323300,2.44
2012-08-02,2.44,2.45820895522388,2.43089552238806,2.44,11522900,2.44
2012-08-03,2.44089219330855,2.4682156133829,2.4317843866171,2.45,22700400,2.45
2012-08-06,2.44820224719101,2.45730337078652,2.40269662921348,2.43,27158300,2.43
2012-08-07,2.41818181818182,2.42727272727273,2.39090909090909,2.4,40589700,2.4
2012-08-08,2.4,2.41818181818182,2.38181818181818,2.4,26422700,2.4
2012-08-09,2.39090909090909,2.40909090909091,2.38181818181818,2.4,19619800,2.4
2012-08-10,2.41179775280899,2.44820224719101,2.40269662921348,2.43,32290300,2.43
2012-08-13,2.42818867924528,2.43728301886792,2.40090566037736,2.41,29620100,2.41
2012-08-14,2.41818181818182,2.41818181818182,2.36363636363636,2.4,27190700,2.4
2012-08-15,2.39,2.40817490494297,2.37182509505703,2.39,24737800,2.39
2012-08-16,2.38908396946565,2.3981679389313,2.38,2.38,12110800,2.38
2012-08-17,2.38,2.40725190839695,2.37091603053435,2.38,20676600,2.38
2012-08-20,2.38,2.38908396946565,2.37091603053435,2.38,12772600,2.38
2012-08-21,2.38181818181818,2.41818181818182,2.37272727272727,2.4,19337000,2.4
2012-08-22,2.39908745247148,2.40817490494297,2.38091254752852,2.39,15673800,2.39
2012-08-23,2.39090909090909,2.40909090909091,2.37272727272727,2.4,19422800,2.4
2012-08-24,2.38908396946565,2.3981679389313,2.37091603053435,2.38,13687700,2.38
2012-08-27,2.38,2.38908396946565,2.3618320610687,2.38,27822600,2.38
2012-08-28,2.37822393822394,2.39644787644788,2.33266409266409,2.36,27604500,2.36
2012-08-29,2.34637795275591,2.35547244094488,2.30090551181102,2.31,31065400,2.31
2012-08-30,2.28271653543307,2.33728346456693,2.28271653543307,2.31,16807200,2.31
2012-08-31,2.30090551181102,2.31909448818898,2.28271653543307,2.31,10710300,2.31
2012-09-03,2.29816733067729,2.30725099601594,2.28,2.28,22962700,2.28
2012-09-04,2.28643724696356,2.29554655870445,2.23178137651822,2.25,30498500,2.25
2012-09-05,2.24545454545455,2.32727272727273,2.21818181818182,2.3,44395700,2.3
2012-09-06,2.2990873015873,2.3081746031746,2.2627380952381,2.29,18236500,2.29
2012-09-07,2.29447470817121,2.35821011673152,2.28536964980545,2.34,64979200,2.34
2012-09-10,2.32818897637795,2.33728346456693,2.29181102362205,2.31,40891900,2.31
2012-09-11,2.30909090909091,2.30909090909091,2.26363636363636,2.3,20657900,2.3
2012-09-12,2.29816733067729,2.29816733067729,2.26183266932271,2.28,28814600,2.28
2012-09-13,2.27911646586345,2.28823293172691,2.25176706827309,2.27,30365900,2.27
2012-09-14,2.27911646586345,2.27911646586345,2.24265060240964,2.27,30831800,2.27
2012-09-17,2.26731707317073,2.26731707317073,2.23089430894309,2.24,19854900,2.24
2012-09-18,2.24637860082305,2.24637860082305,2.21,2.21,18251000,2.21
2012-09-19,2.20909090909091,2.21818181818182,2.18181818181818,2.2,22619700,2.2
2012-09-20,2.19463829787234,2.20374468085106,2.13089361702128,2.14,29296300,2.14
2012-09-21,2.14177215189873,2.19645569620253,2.1326582278481,2.16,29139900,2.16
2012-09-24,2.15,2.15,2.12266949152542,2.15,14588800,2.15
2012-09-25,2.14910638297872,2.14910638297872,2.12178723404255,2.14,17922400,2.14
2012-09-26,2.1381974248927,2.1381974248927,2.1018025751073,2.12,19463700,2.12
2012-09-27,2.12266949152542,2.16822033898305,2.10444915254237,2.15,26613000,2.15
2012-09-28,2.13458333333333,2.18,2.1255,2.18,39405000,2.18
2012-10-01,2.18,2.18,2.18,2.18,0,2.18
2012-10-02,2.18,2.18,2.18,2.18,0,2.18
2012-10-03,2.18,2.18,2.18,2.18,0,2.18
2012-10-04,2.18,2.18,2.18,2.18,0,2.18
2012-10-05,2.18,2.18,2.18,2.18,0,2.18
2012-10-08,2.17911764705882,2.19735294117647,2.16088235294118,2.17,18289000,2.17
2012-10-09,2.18181818181818,2.21818181818182,2.17272727272727,2.2,26469000,2.2
2012-10-10,2.2,2.20909090909091,2.19090909090909,2.2,18769200,2.2
2012-10-11,2.19908713692946,2.20817427385892,2.18091286307054,2.19,16977600,2.19
2012-10-12,2.19824267782427,2.21648535564854,2.17087866108787,2.18,18090300,2.18
2012-10-15,2.18823529411765,2.18823529411765,2.16088235294118,2.17,11557900,2.17
2012-10-16,2.17,2.17,2.17,2.17,0,2.17
2012-10-17,2.19735294117647,2.19735294117647,2.10617647058824,2.17,58072800,2.17
2012-10-18,2.16363636363636,2.21818181818182,2.14545454545455,2.2,38570800,2.2
2012-10-19,2.2,2.20909090909091,2.16363636363636,2.2,36339900,2.2
2012-10-22,2.20269387755102,2.24820408163265,2.18448979591837,2.23,37315700,2.23
2012-10-23,2.23,2.23910204081633,2.21179591836735,2.23,20276600,2.23
2012-10-24,2.22267206477733,2.27732793522267,2.21356275303644,2.25,33457400,2.25
2012-10-25,2.25910931174089,2.28643724696356,2.24089068825911,2.25,34429100,2.25
2012-10-26,2.24452282157676,2.24452282157676,2.18091286307054,2.19,24023300,2.19
2012-10-29,2.1873417721519,2.20556962025316,2.14177215189873,2.16,30580900,2.16
2012-10-30,2.15454545454545,2.20909090909091,2.12727272727273,2.2,34152600,2.2
2012-10-31,2.20090534979424,2.21,2.17362139917695,2.21,18827900,2.21
2012-11-01,2.20180327868852,2.22909836065574,2.19270491803279,2.22,30048900,2.22
2012-11-02,2.22089795918367,2.23910204081633,2.20269387755102,2.23,17916500,2.23
2012-11-05,2.22089795918367,2.26640816326531,2.22089795918367,2.23,28809800,2.23
2012-11-06,2.24,2.25821138211382,2.22178861788618,2.24,19560400,2.24
2012-11-07,2.22909836065574,2.24729508196721,2.20180327868852,2.22,42813800,2.22
2012-11-08,2.22,2.23819672131148,2.20180327868852,2.22,16215000,2.22
2012-11-09,2.19816666666667,2.20725,2.16183333333333,2.18,22546800,2.18
2012-11-12,2.1873417721519,2.19645569620253,2.15088607594937,2.16,39435600,2.16
2012-11-13,2.15730769230769,2.16641025641026,2.12089743589744,2.13,28708500,2.13
2012-11-14,2.13089361702128,2.14910638297872,2.13089361702128,2.14,31740100,2.14
2012-11-15,2.1381974248927,2.1381974248927,2.11090128755365,2.12,27322000,2.12
2012-11-16,2.11909482758621,2.11909482758621,2.10090517241379,2.11,21617600,2.11
2012-11-19,2.11268085106383,2.14,2.10357446808511,2.14,29193300,2.14
2012-11-20,2.13910256410256,2.13910256410256,2.11179487179487,2.13,11658500,2.13
2012-11-21,2.12178723404255,2.14910638297872,2.11268085106383,2.14,14490400,2.14
2012-11-22,2.13728448275862,2.13728448275862,2.10090517241379,2.11,22878000,2.11
2012-11-23,2.11,2.11909482758621,2.10090517241379,2.11,25409100,2.11
2012-11-26,2.1,2.10909090909091,2.1,2.1,13470700,2.1
2012-11-27,2.11,2.12818965517241,2.09181034482759,2.11,32227200,2.11
2012-11-28,2.10724890829694,2.10724890829694,2.05275109170306,2.08,35700100,2.08
2012-11-29,2.08,2.09824561403509,2.07087719298246,2.08,32824500,2.08
2012-11-30,2.08271551724138,2.11909482758621,2.07362068965517,2.11,41642000,2.11
2012-12-03,2.09816593886463,2.10724890829694,2.06183406113537,2.08,46605600,2.08
2012-12-04,2.08,2.08,2.03458515283843,2.08,43474200,2.08
2012-12-05,2.08622881355932,2.1864406779661,2.05889830508475,2.15,126446600,2.15
2012-12-06,2.13728448275862,2.13728448275862,2.10090517241379,2.11,64856400,2.11
2012-12-07,2.11268085106383,2.15821276595745,2.10357446808511,2.14,104231200,2.14
2012-12-10,2.14088983050847,2.15911016949153,2.12266949152542,2.15,86286700,2.15
2012-12-11,2.14910638297872,2.14910638297872,2.11268085106383,2.14,48684200,2.14
2012-12-12,2.13,2.13910256410256,2.11179487179487,2.13,38665800,2.13
2012-12-13,2.13,2.14820512820513,2.11179487179487,2.13,53398700,2.13
2012-12-14,2.13636363636364,2.2,2.11818181818182,2.2,142243600,2.2
2012-12-17,2.22909836065574,2.25639344262295,2.21090163934426,2.22,121883400,2.22
2012-12-18,2.22,2.23819672131148,2.18360655737705,2.22,80650400,2.22
2012-12-19,2.21909465020576,2.22818930041152,2.19181069958848,2.21,44278400,2.21
2012-12-20,2.21,2.21,2.18271604938272,2.21,41571300,2.21
2012-12-21,2.21,2.21909465020576,2.18271604938272,2.21,51976100,2.21
2012-12-24,2.21268292682927,2.25821138211382,2.19447154471545,2.24,61678200,2.24
2012-12-25,2.24352,2.28912,2.22528,2.28,96923700,2.28
2012-12-26,2.26363636363636,2.30909090909091,2.25454545454545,2.3,79165400,2.3
2012-12-27,2.2990873015873,2.3172619047619,2.2809126984127,2.29,52025500,2.29
2012-12-28,2.29359375,2.348203125,2.2844921875,2.33,60066200,2.33
2012-12-31,2.32638783269962,2.40817490494297,2.31730038022814,2.39,80236400,2.39
2013-01-01,2.39,2.39,2.39,2.39,0,2.39
2013-01-02,2.39,2.39,2.39,2.39,0,2.39
2013-01-03,2.39,2.39,2.39,2.39,0,2.39
2013-01-04,2.40735632183908,2.4255938697318,2.35264367816092,2.38,52243800,2.38
2013-01-07,2.37822393822394,2.38733590733591,2.35088803088803,2.36,35531500,2.36
2013-01-08,2.35910852713178,2.39554263565891,2.34089147286822,2.35,40654300,2.35
2013-01-09,2.34910505836576,2.36731517509728,2.33089494163424,2.34,36956300,2.34
2013-01-10,2.33089494163424,2.34910505836576,2.30357976653696,2.34,88169700,2.34
2013-01-11,2.33636363636364,2.33636363636364,2.28181818181818,2.3,51613000,2.3
2013-01-14,2.29824427480916,2.38908396946565,2.28916030534351,2.38,104790400,2.38
2013-01-15,2.39,2.42634980988593,2.39,2.39,79698600,2.39
2013-01-16,2.38908396946565,2.40725190839695,2.35274809160305,2.38,50049900,2.38
2013-01-17,2.38537313432836,2.50373134328358,2.38537313432836,2.44,129818500,2.44
2013-01-18,2.45978647686833,2.63288256227758,2.45978647686833,2.56,239054000,2.56
2013-01-21,2.5608865248227,2.59734042553192,2.53354609929078,2.57,116314800,2.57
2013-01-22,2.61283154121864,2.65835125448029,2.52179211469534,2.54,120650000,2.54
2013-01-23,2.53728260869565,2.53728260869565,2.4918115942029,2.51,54708200,2.51
2013-01-24,2.51818181818182,2.56363636363636,2.49090909090909,2.5,64403000,2.5
2013-01-25,2.50909090909091,2.55454545454545,2.5,2.5,46911300,2.5
2013-01-28,2.51909420289855,2.5281884057971,2.4918115942029,2.51,100085100,2.51
2013-01-29,2.516336996337,2.52542124542125,2.45274725274725,2.48,124859000,2.48
2013-01-30,2.48822878228782,2.49734317343173,2.45177121771218,2.47,92987500,2.47
2013-01-31,2.47714285714286,2.55,2.44982142857143,2.55,137950600,2.55
2013-02-01,2.53089605734767,2.56731182795699,2.51268817204301,2.54,73290800,2.54
2013-02-04,2.51268817204301,2.57641577060932,2.51268817204301,2.54,65613800,2.54
2013-02-05,2.54089285714286,2.56821428571429,2.53178571428571,2.55,71771600,2.55
2013-02-06,2.54910394265233,2.55820788530466,2.51268817204301,2.54,59730300,2.54
2013-02-07,2.53,2.54820143884892,2.51179856115108,2.53,61457100,2.53
2013-02-08,2.53178571428571,2.56821428571429,2.53178571428571,2.55,48613200,2.55
2013-02-11,2.55,2.55,2.55,2.55,0,2.55
2013-02-12,2.55,2.55,2.55,2.55,0,2.55
2013-02-13,2.55,2.55,2.55,2.55,0,2.55
2013-02-14,2.55,2.55,2.55,2.55,0,2.55
2013-02-15,2.55,2.55,2.55,2.55,0,2.55
2013-02-18,2.54910394265233,2.55820788530466,2.51268817204301,2.54,46814300,2.54
2013-02-19,2.53450549450549,2.53450549450549,2.45274725274725,2.48,78610700,2.48
2013-02-20,2.46363636363636,2.53636363636364,2.46363636363636,2.5,76589000,2.5
2013-02-21,2.48460674157303,2.49370786516854,2.42089887640449,2.43,72788200,2.43
2013-02-22,2.42818867924528,2.44637735849057,2.40090566037736,2.41,43922200,2.41
2013-02-25,2.41617647058824,2.48911764705882,2.41617647058824,2.48,61260000,2.48
2013-02-26,2.4682156133829,2.49553903345725,2.44089219330855,2.45,61251200,2.45
2013-02-27,2.44910447761194,2.47641791044776,2.43089552238806,2.44,26420200,2.44
2013-02-28,2.45454545454545,2.50909090909091,2.43636363636364,2.5,56110700,2.5
2013-03-01,2.50180505415162,2.52909747292419,2.47451263537906,2.52,44125900,2.52
2013-03-04,2.51179856115108,2.59370503597122,2.51179856115108,2.53,137855500,2.53
2013-03-05,2.53354609929078,2.59734042553192,2.53354609929078,2.57,79339300,2.57
2013-03-06,2.58094594594595,2.71726351351351,2.58094594594595,2.69,173811700,2.69
2013-03-07,2.67451505016722,2.75638795986622,2.66541806020067,2.72,207915900,2.72
2013-03-08,2.72557823129252,2.76204081632653,2.66176870748299,2.68,87486000,2.68
2013-03-11,2.68732876712329,2.68732876712329,2.63267123287671,2.66,82600500,2.66
2013-03-12,2.64722408026756,2.77458193979933,2.62903010033445,2.72,162596800,2.72
2013-03-13,2.73559322033898,2.75383050847458,2.66264406779661,2.69,70931800,2.69
2013-03-14,2.67176271186441,2.71735593220339,2.67176271186441,2.69,31550000,2.69
2013-03-15,2.68460207612457,2.69370242214533,2.60269896193772,2.63,57998500,2.63
2013-03-18,2.62179310344828,2.67641379310345,2.61268965517241,2.64,44334700,2.64
2013-03-19,2.65632107023411,2.72909698996656,2.64722408026756,2.72,86916200,2.72
2013-03-20,2.72818791946309,2.73728187919463,2.69181208053691,2.71,85668700,2.71
2013-03-21,2.71090301003344,2.73819397993311,2.70180602006689,2.72,47430600,2.72
2013-03-22,2.73089700996678,2.76730897009967,2.71269102990033,2.74,57255200,2.74
2013-03-25,2.74729096989967,2.76548494983278,2.71090301003344,2.72,54699900,2.72
2013-03-26,2.72467576791809,2.73378839590444,2.59709897610921,2.67,88115800,2.67
2013-03-27,2.66264406779661,2.6991186440678,2.66264406779661,2.69,32121800,2.69
2013-03-28,2.6691095890411,2.69643835616438,2.64178082191781,2.66,52785700,2.66
2013-03-29,2.67272727272727,2.74545454545455,2.65454545454545,2.7,55762800,2.7
2013-04-01,2.6991186440678,2.70823728813559,2.67176271186441,2.69,38667000,2.69
2013-04-02,2.6891156462585,2.70734693877551,2.65265306122449,2.68,39406000,2.68
2013-04-03,2.67182432432432,2.69908783783784,2.66273648648649,2.69,34283700,2.69
2013-04-04,2.69,2.69,2.69,2.69,0,2.69
2013-04-05,2.69,2.69,2.69,2.69,0,2.69
2013-04-08,2.65364864864865,2.70817567567568,2.64456081081081,2.69,44330000,2.69
2013-04-09,2.7,2.72727272727273,2.68181818181818,2.7,40413700,2.7
2013-04-10,2.70734693877551,2.71646258503401,2.6708843537415,2.68,20514900,2.68
2013-04-11,2.69,2.69908783783784,2.66273648648649,2.69,35953300,2.69
2013-04-12,2.71374570446735,2.72285223367698,2.63178694158076,2.65,80081800,2.65
2013-04-15,2.63469964664311,2.66204946996466,2.52530035335689,2.58,81606200,2.58
2013-04-16,2.57176056338028,2.59,2.51704225352113,2.59,86049400,2.59
2013-04-17,2.5755035971223,2.58460431654676,2.4844964028777,2.53,101696900,2.53
2013-04-18,2.49359712230216,2.55730215827338,2.45719424460432,2.53,61750500,2.53
2013-04-19,2.53354609929078,2.57911347517731,2.52443262411348,2.57,47032800,2.57
2013-04-22,2.55,2.57732142857143,2.53178571428571,2.55,37458400,2.55
2013-04-23,2.5463768115942,2.55547101449275,2.4918115942029,2.51,46770700,2.51
2013-04-24,2.52179211469534,2.55820788530466,2.50358422939068,2.54,36160500,2.54
2013-04-25,2.54089285714286,2.55910714285714,2.52267857142857,2.55,37201200,2.55
2013-04-26,2.56,2.58733096085409,2.53266903914591,2.56,51309500,2.56
2013-04-29,2.56,2.56,2.56,2.56,0,2.56
2013-04-30,2.56,2.56,2.56,2.56,0,2.56
2013-05-01,2.56,2.56,2.56,2.56,0,2.56
2013-05-02,2.53724738675958,2.61909407665505,2.52815331010453,2.61,47075100,2.61
2013-05-03,2.62356164383562,2.67821917808219,2.61445205479452,2.66,51346800,2.66
2013-05-06,2.65910652920962,2.68642611683849,2.63178694158076,2.65,32012900,2.65
2013-05-07,2.63442176870748,2.68,2.63442176870748,2.68,49111500,2.68
2013-05-08,2.68732876712329,2.68732876712329,2.6508904109589,2.66,37681300,2.66
2013-05-09,2.65820689655172,2.67641379310345,2.63089655172414,2.64,37154800,2.64
2013-05-10,2.63089655172414,2.66731034482759,2.61268965517241,2.64,39802900,2.64
2013-05-13,2.65361403508772,2.65361403508772,2.56273684210526,2.59,63470200,2.59
2013-05-14,2.59644128113879,2.60555160142349,2.5508896797153,2.56,38952400,2.56
2013-05-15,2.56264084507042,2.59,2.56264084507042,2.59,18210400,2.59
2013-05-16,2.57362369337979,2.61909407665505,2.57362369337979,2.61,28545100,2.61
2013-05-17,2.6172972972973,2.71726351351351,2.60820945945946,2.69,78704900,2.69
2013-05-20,2.70823728813559,2.70823728813559,2.67176271186441,2.69,66553300,2.69
2013-05-21,2.6808813559322,2.6991186440678,2.66264406779661,2.69,49196300,2.69
2013-05-22,2.68119718309859,2.69031690140845,2.55352112676056,2.59,190214300,2.59
2013-05-23,2.55842696629214,2.55842696629214,2.49209737827715,2.53,138416100,2.53
2013-05-24,2.53947565543071,2.54895131086142,2.49209737827715,2.53,74495600,2.53
2013-05-27,2.52950943396226,2.52950943396226,2.50098113207547,2.52,45905300,2.52
2013-05-28,2.51208178438662,2.55,2.50260223048327,2.55,39509800,2.55
2013-05-29,2.56102941176471,2.59897058823529,2.54205882352941,2.58,53698000,2.58
2013-05-30,2.57948339483395,2.5889667896679,2.5510332103321,2.57,44562300,2.57
2013-05-31,2.58706766917293,2.59657894736842,2.52048872180451,2.53,52898000,2.53
2013-06-03,2.5305223880597,2.5589552238806,2.5210447761194,2.54,33607900,2.54
2013-06-04,2.55853383458647,2.55853383458647,2.52048872180451,2.53,37336500,2.53
2013-06-05,2.52052434456929,2.54895131086142,2.50157303370786,2.53,45888400,2.53
2013-06-06,2.52901515151515,2.53852272727273,2.51,2.51,23502700,2.51
2013-06-07,2.5175,2.527,2.451,2.47,32178000,2.47
2013-06-10,2.47,2.47,2.47,2.47,0,2.47
2013-06-11,2.47,2.47,2.47,2.47,0,2.47
2013-06-12,2.47,2.47,2.47,2.47,0,2.47
2013-06-13,2.44475806451613,2.44475806451613,2.30262096774194,2.35,88114300,2.35
2013-06-14,2.3585306122449,2.3585306122449,2.31097959183673,2.33,74166900,2.33
2013-06-17,2.32800829875519,2.33751037344398,2.27099585062241,2.29,78961000,2.29
2013-06-18,2.29,2.2995020746888,2.26149377593361,2.29,50312900,2.29
2013-06-19,2.27744680851064,2.27744680851064,2.21102127659574,2.23,65136600,2.23
2013-06-20,2.21791304347826,2.21791304347826,2.18,2.18,46989900,2.18
2013-06-21,2.17306382978723,2.23948936170213,2.14459574468085,2.23,48245200,2.23
2013-06-24,2.23408071748879,2.23408071748879,2.1009865470852,2.12,81737100,2.12
2013-06-25,2.10315789473684,2.16947368421053,2.03684210526316,2.16,116404200,2.16
2013-06-26,2.16902654867257,2.17853982300885,2.12146017699115,2.15,58969100,2.15
2013-06-27,2.15,2.2070796460177,2.14048672566372,2.15,86676900,2.15
2013-06-28,2.14105263157895,2.19789473684211,2.13157894736842,2.16,58852000,2.16
2013-07-01,2.18255319148936,2.23,2.15408510638298,2.23,69184700,2.23
2013-07-02,2.22896995708154,2.22896995708154,2.20051502145923,2.21,45278600,2.21
2013-07-03,2.20657777777778,2.21608888888889,2.10195555555556,2.14,140126800,2.14
2013-07-04,2.13097345132743,2.17853982300885,2.10243362831858,2.15,72853200,2.15
2013-07-05,2.15951327433628,2.16902654867257,2.14048672566372,2.15,45836600,2.15
2013-07-08,2.128,2.128,2.09,2.09,58235500,2.09
2013-07-09,2.10147321428571,2.14901785714286,2.10147321428571,2.13,40628500,2.13
2013-07-10,2.12262008733624,2.17947598253275,2.11314410480349,2.17,57943800,2.17
2013-07-11,2.18354430379747,2.2879746835443,2.18354430379747,2.25,109228800,2.25
2013-07-12,2.2674358974359,2.30538461538462,2.20102564102564,2.22,96161000,2.22
2013-07-15,2.24,2.25898305084746,2.19254237288136,2.24,57829500,2.24
2013-07-16,2.23897435897436,2.23897435897436,2.20102564102564,2.22,58162400,2.22
2013-07-17,2.21896551724138,2.22844827586207,2.18103448275862,2.2,46470300,2.2
2013-07-18,2.18842105263158,2.20736842105263,2.15052631578947,2.16,61669100,2.16
2013-07-19,2.17853982300885,2.19756637168142,2.15,2.15,40697700,2.15
2013-07-22,2.13157894736842,2.17894736842105,2.1221052631579,2.16,33061200,2.16
2013-07-23,2.16206896551724,2.20948275862069,2.15258620689655,2.2,48162700,2.2
2013-07-24,2.19,2.19948051948052,2.1425974025974,2.19,57319000,2.19
2013-07-25,2.19789473684211,2.19789473684211,2.16,2.16,32307000,2.16
2013-07-26,2.1510480349345,2.17947598253275,2.14157205240175,2.17,26878100,2.17
2013-07-29,2.16803571428571,2.17754464285714,2.12049107142857,2.13,44564300,2.13
2013-07-30,2.14048672566372,2.17853982300885,2.13097345132743,2.15,40548300,2.15
2013-07-31,2.15951327433628,2.17853982300885,2.13097345132743,2.15,26186600,2.15
2013-08-01,2.14208695652174,2.18,2.14208695652174,2.18,52776300,2.18
2013-08-02,2.18842105263158,2.18842105263158,2.14105263157895,2.16,66484800,2.16
2013-08-05,2.16104347826087,2.18,2.14208695652174,2.18,61410700,2.18
2013-08-06,2.1735593220339,2.25898305084746,2.15457627118644,2.24,115482800,2.24
2013-08-07,2.21896551724138,2.22844827586207,2.19051724137931,2.2,79552100,2.2
2013-08-08,2.19948051948052,2.20896103896104,2.18051948051948,2.19,45432600,2.19
2013-08-09,2.19948051948052,2.20896103896104,2.16155844155844,2.19,48044500,2.19
2013-08-12,2.20153191489362,2.23948936170213,2.18255319148936,2.23,70132600,2.23
2013-08-13,2.23,2.24897872340426,2.22051063829787,2.23,64112400,2.23
2013-08-14,2.22948717948718,2.24846153846154,2.21051282051282,2.22,66986100,2.22
2013-08-15,2.22,2.23897435897436,2.21051282051282,2.22,44346700,2.22
2013-08-16,2.21051282051282,2.43820512820513,2.19153846153846,2.22,142756300,2.22
2013-08-19,2.21,2.21948497854077,2.19103004291846,2.21,50233400,2.21
2013-08-20,2.20896103896104,2.21844155844156,2.18051948051948,2.19,64794600,2.19
2013-08-21,2.1889519650655,2.19842794759825,2.16052401746725,2.17,51176400,2.17
2013-08-22,2.17903083700441,2.18854625550661,2.1504845814978,2.16,49849900,2.16
2013-08-23,2.1695154185022,2.17903083700441,2.13145374449339,2.16,57262400,2.16
2013-08-26,2.1515652173913,2.18,2.14208695652174,2.18,47071100,2.18
2013-08-27,2.17103896103896,2.19948051948052,2.16155844155844,2.19,58187600,2.19
2013-08-28,2.17947598253275,2.17947598253275,2.16052401746725,2.17,49362400,2.17
2013-08-29,2.17155172413793,2.20948275862069,2.16206896551724,2.2,52786000,2.2
2013-08-30,2.20102564102564,2.23897435897436,2.16307692307692,2.22,107275300,2.22
2013-09-02,2.21948497854077,2.23845493562232,2.19103004291846,2.21,58738100,2.21
2013-09-03,2.22051063829787,2.23948936170213,2.21102127659574,2.23,61927200,2.23
2013-09-04,2.23,2.23948936170213,2.21102127659574,2.23,43436400,2.23
2013-09-05,2.22844827586207,2.22844827586207,2.19051724137931,2.2,51113100,2.2
2013-09-06,2.2,2.20948275862069,2.19051724137931,2.2,51957400,2.2
2013-09-09,2.20302521008403,2.26949579831933,2.20302521008403,2.26,130402400,2.26
2013-09-10,2.28292682926829,2.36853658536585,2.28292682926829,2.34,175979100,2.34
2013-09-11,2.32105263157895,2.39684210526316,2.29263157894737,2.34,202982900,2.34
2013-09-12,2.33052631578947,2.35894736842105,2.30210526315789,2.34,115320600,2.34
2013-09-13,2.33801652892562,2.34752066115702,2.2904958677686,2.3,78300700,2.3
2013-09-16,2.31,2.32901234567901,2.30049382716049,2.31,74330300,2.31
2013-09-17,2.30747899159664,2.31697478991597,2.25050420168067,2.26,70383700,2.26
2013-09-18,2.26050209205021,2.27949790794979,2.25100418410042,2.27,54597100,2.27
2013-09-20,2.27,2.27,2.27,2.27,0,2.27
2013-09-23,2.27099585062241,2.29,2.27099585062241,2.29,45684500,2.29
2013-09-24,2.28848739495798,2.28848739495798,2.25050420168067,2.26,42726000,2.26
2013-09-25,2.24846153846154,2.25794871794872,2.21051282051282,2.22,68833500,2.22
2013-09-26,2.21791304347826,2.22739130434783,2.16104347826087,2.18,76763100,2.18
2013-09-27,2.17052173913044,2.18947826086957,2.17052173913044,2.18,35123500,2.18
2013-09-30,2.19051724137931,2.20948275862069,2.18103448275862,2.2,26326900,2.2
2013-10-01,2.2,2.2,2.2,2.2,0,2.2
2013-10-02,2.2,2.2,2.2,2.2,0,2.2
2013-10-03,2.2,2.2,2.2,2.2,0,2.2
2013-10-04,2.2,2.2,2.2,2.2,0,2.2
2013-10-07,2.2,2.2,2.2,2.2,0,2.2
2013-10-08,2.20102564102564,2.22,2.19153846153846,2.22,47528200,2.22
2013-10-09,2.21,2.21948497854077,2.19103004291846,2.21,49046900,2.21
2013-10-10,2.19895652173913,2.2084347826087,2.17052173913044,2.18,55338400,2.18
2013-10-11,2.20051502145923,2.21,2.19103004291846,2.21,50616700,2.21
2013-10-14,2.21152542372881,2.24949152542373,2.20203389830509,2.24,69394700,2.24
2013-10-15,2.242,2.2895,2.223,2.28,121422800,2.28
2013-10-16,2.27,2.28899581589958,2.25100418410042,2.27,97158300,2.27
2013-10-17,2.26847457627119,2.28745762711864,2.23050847457627,2.24,56170300,2.24
2013-10-18,2.24,2.24949152542373,2.22101694915254,2.24,48006900,2.24
2013-10-21,2.261,2.28,2.223,2.28,98954600,2.28
2013-10-22,2.27949790794979,2.28899581589958,2.26050209205021,2.27,75922900,2.27
2013-10-23,2.27148760330578,2.33801652892562,2.27148760330578,2.3,124199300,2.3
2013-10-24,2.299,2.299,2.261,2.28,59242900,2.28
2013-10-25,2.27796610169492,2.28745762711864,2.22101694915254,2.24,47900000,2.24
2013-10-28,2.242,2.299,2.2325,2.28,97603600,2.28
2013-10-29,2.28417670682731,2.36,2.27469879518072,2.36,260725500,2.36
2013-10-30,2.37595419847328,2.60404580152672,2.36645038167939,2.49,465256100,2.49
2013-10-31,2.45149425287356,2.51800766283525,2.39448275862069,2.48,194041500,2.48
2013-11-01,2.46848249027237,2.49696498054475,2.43050583657588,2.44,121789600,2.44
2013-11-04,2.44248091603053,2.52801526717557,2.44248091603053,2.49,99274300,2.49
2013-11-05,2.46796875,2.4774609375,2.39203125,2.43,130340400,2.43
2013-11-06,2.40844621513944,2.45585657370518,2.37051792828685,2.38,98487600,2.38
2013-11-07,2.37103174603175,2.40896825396825,2.36154761904762,2.39,66644000,2.39
2013-11-08,2.37,2.4174,2.35104,2.37,70400400,2.37
2013-11-11,2.37051792828685,2.38948207171315,2.35155378486056,2.38,40557500,2.38
2013-11-12,2.36947791164659,2.38843373493976,2.35052208835341,2.36,73161200,2.36
2013-11-13,2.375,2.375,2.2705,2.28,118455100,2.28
2013-11-14,2.27949790794979,2.28899581589958,2.26050209205021,2.27,65207100,2.27
2013-11-15,2.27245901639344,2.35803278688525,2.26295081967213,2.32,102097200,2.32
2013-11-18,2.32157258064516,2.35947580645161,2.29314516129032,2.35,112830100,2.35
2013-11-19,2.34207171314741,2.40844621513944,2.33258964143426,2.38,114716200,2.38
2013-11-20,2.37948,2.38896,2.34156,2.37,58687200,2.37
2013-11-21,2.37,2.37,2.33208,2.37,57994500,2.37
2013-11-22,2.37948,2.37948,2.35104,2.37,58692300,2.37
2013-11-25,2.37895582329317,2.37895582329317,2.35052208835341,2.36,41896800,2.36
2013-11-26,2.36895161290323,2.36895161290323,2.34052419354839,2.35,32741700,2.35
2013-11-27,2.35052208835341,2.36947791164659,2.33156626506024,2.36,34956000,2.36
2013-11-28,2.36052,2.38896,2.34156,2.37,66781900,2.37
2013-11-29,2.37948,2.37948,2.36052,2.37,35255900,2.37
2013-12-02,2.39302325581395,2.51647286821705,2.38352713178295,2.45,212398400,2.45
2013-12-03,2.44100386100386,2.46949806949807,2.42200772200772,2.46,96232400,2.46
2013-12-04,2.45247148288973,2.51901140684411,2.44296577946768,2.5,134215000,2.5
2013-12-05,2.49799227799228,2.49799227799228,2.45050193050193,2.46,58982200,2.46
2013-12-06,2.4584765625,2.4584765625,2.411015625,2.43,76455800,2.43
2013-12-09,2.43100775193798,2.45949612403101,2.43100775193798,2.45,37660800,2.45
2013-12-10,2.4584765625,2.4584765625,2.4205078125,2.43,39560600,2.43
2013-12-11,2.41686746987952,2.4263453815261,2.36,2.36,69750400,2.36
2013-12-12,2.36154761904762,2.39,2.36154761904762,2.39,32848000,2.39
2013-12-13,2.36947791164659,2.37895582329317,2.36,2.36,28959800,2.36
2013-12-16,2.3870612244898,2.3870612244898,2.31097959183673,2.33,57118500,2.33
2013-12-17,2.32950819672131,2.33901639344262,2.30098360655738,2.32,59017200,2.32
2013-12-18,2.31950617283951,2.32901234567901,2.30049382716049,2.31,35135000,2.31
2013-12-19,2.318,2.318,2.261,2.28,57689700,2.28
2013-12-20,2.27639484978541,2.27639484978541,2.18154506437768,2.21,91720500,2.21
2013-12-23,2.21948497854077,2.22896995708154,2.19103004291846,2.21,35831500,2.21
2013-12-24,2.22,2.24846153846154,2.20102564102564,2.22,37661800,2.22
2013-12-25,2.22051063829787,2.23,2.19204255319149,2.23,32894500,2.23
2013-12-26,2.22792207792208,2.22792207792208,2.18051948051948,2.19,41162600,2.19
2013-12-27,2.18205128205128,2.22948717948718,2.18205128205128,2.22,41633900,2.22
2013-12-30,2.22896995708154,2.23845493562232,2.20051502145923,2.21,37505100,2.21
2013-12-31,2.21102127659574,2.23948936170213,2.20153191489362,2.23,34179300,2.23
2014-01-01,2.23,2.23,2.23,2.23,0,2.23
2014-01-02,2.22948717948718,2.23897435897436,2.21051282051282,2.22,23124500,2.22
2014-01-03,2.21791304347826,2.21791304347826,2.17052173913044,2.18,42702000,2.18
2014-01-06,2.18854625550661,2.18854625550661,2.14096916299559,2.16,49312100,2.16
2014-01-07,2.14048672566372,2.15951327433628,2.13097345132743,2.15,43702800,2.15
2014-01-08,2.1504845814978,2.1695154185022,2.14096916299559,2.16,37202800,2.16
2014-01-09,2.15951327433628,2.16902654867257,2.14048672566372,2.15,30804300,2.15
2014-01-10,2.14951111111111,2.15902222222222,2.11146666666667,2.14,57943300,2.14
2014-01-13,2.13097345132743,2.15,2.12146017699115,2.15,28648100,2.15
2014-01-14,2.1504845814978,2.16,2.13145374449339,2.16,25068500,2.16
2014-01-15,2.16,2.1695154185022,2.14096916299559,2.16,19291000,2.16
2014-01-16,2.14105263157895,2.17894736842105,2.13157894736842,2.16,40969000,2.16
2014-01-17,2.15951327433628,2.16902654867257,2.14048672566372,2.15,41779200,2.15
2014-01-20,2.14951111111111,2.15902222222222,2.13048888888889,2.14,25489000,2.14
2014-01-21,2.14096916299559,2.1695154185022,2.14096916299559,2.16,16896000,2.16
2014-01-22,2.15258620689655,2.20948275862069,2.14310344827586,2.2,53017200,2.2
2014-01-23,2.19895652173913,2.2084347826087,2.17052173913044,2.18,47056700,2.18
2014-01-24,2.18051948051948,2.20896103896104,2.17103896103896,2.19,55065200,2.19
2014-01-27,2.17894736842105,2.18842105263158,2.14105263157895,2.16,36437600,2.16
2014-01-28,2.16052401746725,2.17947598253275,2.1510480349345,2.17,24422500,2.17
2014-01-29,2.18103448275862,2.2,2.17155172413793,2.2,33141900,2.2
2014-01-30,2.18947826086957,2.19895652173913,2.17052173913044,2.18,21580300,2.18
2014-01-31,2.18,2.18,2.18,2.18,0,2.18
2014-02-03,2.18,2.18,2.18,2.18,0,2.18
2014-02-05,2.18,2.18,2.18,2.18,0,2.18
2014-02-06,2.18,2.18,2.18,2.18,0,2.18
2014-02-07,2.17052173913044,2.18,2.1515652173913,2.18,34396100,2.18
2014-02-10,2.18154506437768,2.21948497854077,2.17206008583691,2.21,69554300,2.21
2014-02-11,2.21102127659574,2.23,2.20153191489362,2.23,50805200,2.23
2014-02-12,2.22,2.22948717948718,2.20102564102564,2.22,30324700,2.22
2014-02-13,2.20948275862069,2.21896551724138,2.18103448275862,2.2,87867300,2.2
2014-02-14,2.19103004291846,2.21,2.18154506437768,2.21,40265300,2.21
2014-02-17,2.21,2.21948497854077,2.20051502145923,2.21,42029800,2.21
2014-02-18,2.19948051948052,2.20896103896104,2.17103896103896,2.19,45745800,2.19
2014-02-19,2.18103448275862,2.20948275862069,2.17155172413793,2.2,61716300,2.2
2014-02-20,2.20153191489362,2.23948936170213,2.19204255319149,2.23,102740100,2.23
2014-02-21,2.22844827586207,2.22844827586207,2.19051724137931,2.2,53025000,2.2
2014-02-24,2.1889519650655,2.19842794759825,2.16052401746725,2.17,44099300,2.17
2014-02-25,2.17903083700441,2.18854625550661,2.1504845814978,2.16,46098800,2.16
2014-02-26,2.15,2.15951327433628,2.14048672566372,2.15,45928100,2.15
2014-02-27,2.15207792207792,2.22792207792208,2.1425974025974,2.19,111100300,2.19
2014-02-28,2.19,2.21844155844156,2.17103896103896,2.19,71026900,2.19
2014-03-03,2.1945,2.2895,2.185,2.28,177753200,2.28
2014-03-04,2.25898305084746,2.25898305084746,2.21152542372881,2.24,78448300,2.24
2014-03-05,2.23948936170213,2.25846808510638,2.21102127659574,2.23,62772100,2.23
2014-03-06,2.22896995708154,2.22896995708154,2.17206008583691,2.21,65108100,2.21
2014-03-07,2.19895652173913,2.22739130434783,2.18,2.18,46017000,2.18
2014-03-10,2.17853982300885,2.18805309734513,2.14048672566372,2.15,89985500,2.15
2014-03-11,2.13950892857143,2.14901785714286,2.11098214285714,2.13,68900800,2.13
2014-03-12,2.13097345132743,2.15951327433628,2.12146017699115,2.15,49476900,2.15
2014-03-13,2.15358974358974,2.25794871794872,2.15358974358974,2.22,203904600,2.22
2014-03-14,2.21102127659574,2.24897872340426,2.20153191489362,2.23,80804200,2.23
2014-03-17,2.21737991266376,2.21737991266376,2.1510480349345,2.17,150174300,2.17
2014-03-18,2.18,2.2084347826087,2.16104347826087,2.18,67123200,2.18
2014-03-19,2.1889519650655,2.1889519650655,2.16052401746725,2.17,36737600,2.17
2014-03-20,2.17903083700441,2.19806167400881,2.1504845814978,2.16,52597100,2.16
2014-03-21,2.15358974358974,2.25794871794872,2.14410256410256,2.22,146519200,2.22
2014-03-24,2.21102127659574,2.23948936170213,2.19204255319149,2.23,138852100,2.23
2014-03-25,2.21301255230126,2.31748953974895,2.20351464435146,2.27,257174300,2.27
2014-03-26,2.24897872340426,2.25846808510638,2.22051063829787,2.23,93298800,2.23
2014-03-27,2.22,2.25794871794872,2.21051282051282,2.22,85584400,2.22
2014-03-28,2.22,2.23897435897436,2.21051282051282,2.22,63068300,2.22
2014-03-31,2.23050847457627,2.25898305084746,2.21152542372881,2.24,97061500,2.24
2014-04-01,2.24,2.25898305084746,2.23050847457627,2.24,59109200,2.24
2014-04-02,2.24100840336134,2.26,2.23151260504202,2.26,61098600,2.26
2014-04-03,2.25794871794872,2.2674358974359,2.20102564102564,2.22,95762500,2.22
2014-04-04,2.21102127659574,2.23948936170213,2.20153191489362,2.23,41749100,2.23
2014-04-07,2.23,2.23,2.23,2.23,0,2.23
2014-04-08,2.23200836820084,2.28899581589958,2.22251046025105,2.27,104953900,2.27
2014-04-09,2.27,2.27949790794979,2.25100418410042,2.27,67609100,2.27
2014-04-10,2.27148760330578,2.31900826446281,2.24297520661157,2.3,155001700,2.3
2014-04-11,2.2904958677686,2.3,2.27148760330578,2.3,101778400,2.3
2014-04-14,2.2995020746888,2.30900414937759,2.2804979253112,2.29,57514000,2.29
2014-04-15,2.27848101265823,2.2879746835443,2.25,2.25,53306500,2.25
2014-04-16,2.25050420168067,2.26949579831933,2.25050420168067,2.26,37139100,2.26
2014-04-17,2.25949367088608,2.26898734177215,2.23101265822785,2.25,41333400,2.25
2014-04-18,2.25,2.25,2.23101265822785,2.25,38902600,2.25
2014-04-21,2.23793103448276,2.23793103448276,2.19051724137931,2.2,67100900,2.2
2014-04-22,2.19103004291846,2.21,2.18154506437768,2.21,41870900,2.21
2014-04-23,2.20051502145923,2.21948497854077,2.19103004291846,2.21,43465800,2.21
2014-04-24,2.2,2.21896551724138,2.19051724137931,2.2,36661900,2.2
2014-04-25,2.2,2.22844827586207,2.18103448275862,2.2,55358300,2.2
2014-04-28,2.19706666666667,2.19706666666667,2.14,2.14,101823600,2.14
2014-04-29,2.15,2.15951327433628,2.13097345132743,2.15,70387500,2.15
2014-04-30,2.15,2.15,2.13097345132743,2.15,72221500,2.15
2014-05-01,2.15,2.15,2.15,2.15,0,2.15
2014-05-02,2.15,2.15,2.15,2.15,0,2.15
2014-05-05,2.14096916299559,2.1695154185022,2.13145374449339,2.16,76589300,2.16
2014-05-06,2.16,2.1695154185022,2.1504845814978,2.16,34602500,2.16
2014-05-07,2.15,2.15951327433628,2.13097345132743,2.15,40746800,2.15
2014-05-08,2.14,2.15902222222222,2.13048888888889,2.14,56026200,2.14
2014-05-09,2.13950892857143,2.13950892857143,2.12049107142857,2.13,56532600,2.13
2014-05-12,2.13157894736842,2.16947368421053,2.13157894736842,2.16,84352100,2.16
2014-05-13,2.16,2.16947368421053,2.14105263157895,2.16,43448600,2.16
2014-05-14,2.15052631578947,2.16947368421053,2.14105263157895,2.16,33294100,2.16
2014-05-15,2.1695154185022,2.1695154185022,2.1504845814978,2.16,25301700,2.16
2014-05-16,2.15,2.15951327433628,2.14048672566372,2.15,23945700,2.15
2014-05-19,2.16,2.16,2.14096916299559,2.16,34969000,2.16
2014-05-20,2.16,2.1695154185022,2.1504845814978,2.16,30457600,2.16
2014-05-21,2.1510480349345,2.17,2.14157205240175,2.17,36638500,2.17
2014-05-22,2.16,2.17894736842105,2.15052631578947,2.16,34926800,2.16
2014-05-23,2.16052401746725,2.17,2.1510480349345,2.17,21808600,2.17
2014-05-26,2.16947368421053,2.17894736842105,2.15052631578947,2.16,23952800,2.16
2014-05-27,2.16104347826087,2.18,2.16104347826087,2.18,38689400,2.18
2014-05-28,2.17,2.17947598253275,2.16052401746725,2.17,29045000,2.17
2014-05-29,2.17,2.17947598253275,2.16052401746725,2.17,27314700,2.17
2014-05-30,2.17,2.17947598253275,2.16052401746725,2.17,30125500,2.17
2014-06-02,2.17,2.17,2.17,2.17,0,2.17
2014-06-03,2.16947368421053,2.17894736842105,2.16,2.16,43012400,2.16
2014-06-04,2.17,2.17947598253275,2.16052401746725,2.17,33273400,2.17
2014-06-05,2.17052173913044,2.18,2.16104347826087,2.18,17915600,2.18
2014-06-06,2.17947598253275,2.1889519650655,2.17,2.17,25477500,2.17
2014-06-09,2.18,2.18947826086957,2.17052173913044,2.18,28298600,2.18
2014-06-10,2.18051948051948,2.19,2.17103896103896,2.19,43767300,2.19
2014-06-11,2.19,2.19948051948052,2.18051948051948,2.19,27673500,2.19
2014-06-12,2.19,2.19948051948052,2.18051948051948,2.19,58819400,2.19
2014-06-13,2.19,2.2,2.18,2.18,76387800,2.18
2014-06-16,2.19,2.2,2.18,2.19,63200200,2.19
2014-06-17,2.19,2.19,2.16,2.17,62849000,2.17
2014-06-18,2.17,2.17,2.14,2.15,52629100,2.15
2014-06-19,2.15,2.15,2.12,2.13,42461900,2.13
2014-06-20,2.13,2.13,2.11,2.12,39067700,2.12
2014-06-23,2.13,2.14,2.12,2.12,30724900,2.12
2014-06-24,2.13,2.14,2.12,2.13,28326200,2.13
2014-06-25,2.13,2.15,2.13,2.15,33938600,2.15
2014-06-26,2.15,2.16,2.14,2.16,30550800,2.16
2014-06-27,2.15,2.16,2.14,2.15,34427900,2.15
2014-06-30,2.15,2.18,2.15,2.17,35161800,2.17
2014-07-01,2.17,2.18,2.16,2.16,45616700,2.16
2014-07-02,2.16,2.18,2.16,2.17,52934900,2.17
2014-07-03,2.17,2.18,2.16,2.18,52139100,2.18
2014-07-04,2.18,2.19,2.17,2.17,25175100,2.17
2014-07-07,2.18,2.18,2.16,2.17,35124800,2.17
2014-07-08,2.17,2.21,2.16,2.2,98633300,2.2
2014-07-09,2.19,2.2,2.16,2.17,61224400,2.17
2014-07-10,2.17,2.22,2.16,2.19,91510600,2.19
2014-07-11,2.18,2.21,2.17,2.19,70812800,2.19
2014-07-14,2.2,2.23,2.19,2.22,74259400,2.22
2014-07-15,2.23,2.24,2.21,2.23,64778600,2.23
2014-07-16,2.22,2.32,2.22,2.3,255440200,2.3
2014-07-17,2.29,2.29,2.26,2.27,97633700,2.27
2014-07-18,2.26,2.31,2.26,2.28,67159900,2.28
2014-07-21,2.27,2.28,2.25,2.27,43514800,2.27
2014-07-22,2.26,2.28,2.25,2.27,59773200,2.27
2014-07-23,2.27,2.32,2.27,2.3,125620100,2.3
2014-07-24,2.3,2.32,2.29,2.31,81079000,2.31
2014-07-25,2.31,2.33,2.29,2.32,58326700,2.32
2014-07-28,2.32,2.37,2.32,2.35,131766600,2.35
2014-07-29,2.35,2.36,2.33,2.34,72894100,2.34
2014-07-30,2.33,2.34,2.29,2.31,111225400,2.31
2014-07-31,2.29,2.31,2.27,2.31,81833300,2.31
2014-08-01,2.32,2.41,2.32,2.34,209933600,2.34
2014-08-04,2.33,2.36,2.32,2.36,129590600,2.36
2014-08-05,2.36,2.36,2.32,2.34,82919500,2.34
2014-08-06,2.34,2.37,2.32,2.35,97326500,2.35
2014-08-07,2.35,2.36,2.31,2.32,82659900,2.32
2014-08-08,2.32,2.33,2.3,2.31,62059600,2.31
2014-08-11,2.32,2.33,2.31,2.32,49090400,2.32
2014-08-12,2.32,2.33,2.31,2.33,73996800,2.33
2014-08-13,2.33,2.33,2.3,2.31,70382300,2.31
2014-08-14,2.31,2.32,2.29,2.29,61783900,2.29
2014-08-15,2.29,2.31,2.28,2.3,62014300,2.3
2014-08-18,2.3,2.32,2.3,2.32,63110800,2.32
2014-08-19,2.32,2.32,2.29,2.31,74785100,2.31
2014-08-20,2.31,2.32,2.3,2.32,60337200,2.32
2014-08-21,2.32,2.32,2.28,2.29,56114200,2.29
2014-08-22,2.29,2.34,2.28,2.33,89950000,2.33
2014-08-25,2.33,2.33,2.29,2.31,83605200,2.31
2014-08-26,2.3,2.34,2.29,2.3,103417900,2.3
2014-08-27,2.29,2.3,2.28,2.28,59394400,2.28
2014-08-28,2.29,2.31,2.27,2.29,81149800,2.29
2014-08-29,2.3,2.31,2.27,2.31,66474300,2.31
2014-09-01,2.3,2.33,2.3,2.31,81228500,2.31
2014-09-02,2.32,2.33,2.31,2.33,109860800,2.33
2014-09-03,2.33,2.39,2.32,2.37,200615300,2.37
2014-09-04,2.36,2.38,2.35,2.37,122214000,2.37
2014-09-05,2.38,2.39,2.36,2.39,124321500,2.39
2014-09-08,2.39,2.39,2.39,2.39,0,2.39
2014-09-09,2.39,2.43,2.38,2.4,97330300,2.4
2014-09-10,2.4,2.41,2.37,2.4,98755100,2.4
2014-09-11,2.4,2.47,2.4,2.42,221596200,2.42
2014-09-12,2.41,2.47,2.41,2.46,204148200,2.46
2014-09-15,2.46,2.47,2.44,2.47,130952300,2.47
2014-09-16,2.46,2.56,2.45,2.47,296525800,2.47
2014-09-17,2.47,2.55,2.47,2.52,255013600,2.52
2014-09-18,2.52,2.53,2.48,2.5,127201200,2.5
2014-09-19,2.49,2.51,2.47,2.49,92951600,2.49
2014-09-22,2.49,2.56,2.48,2.5,146023100,2.5
2014-09-23,2.5,2.52,2.48,2.5,90068300,2.5
2014-09-24,2.49,2.55,2.48,2.55,168234600,2.55
2014-09-25,2.55,2.6,2.54,2.57,183299800,2.57
2014-09-26,2.57,2.61,2.56,2.59,141805600,2.59
2014-09-29,2.6,2.61,2.56,2.59,114262700,2.59
2014-09-30,2.59,2.6,2.56,2.58,73507500,2.58
2014-10-01,2.58,2.58,2.58,2.58,0,2.58
2014-10-02,2.58,2.58,2.58,2.58,0,2.58
